0 0.4982552043914433 -0.0399406729220225 -0.0021777618180183287 1 3 
1 -0.10937859145567293 -0.035 0.004539539960126196 1 7 
2 0.24071017598396238 -0.045 -0.042341644729775064 1 9 
3 -0.3740603944512255 -0.03 0.008376556322354414 1 6 
4 0.47764374323238773 -0.045 0.025912071395857092 1 9 
5 0.45060116620783963 -0.04290824336781661 0.013560333738084096 1 4 
6 0.15334359446761103 -0.03938314520216082 -0.006997704908433747 1 3 
7 0.13315229901205788 -0.04 -0.03344666583304122 1 8 
8 -0.1868173051709468 -0.025 -0.004037692106722678 1 5 
9 -0.23758567940071887 -0.029342404699324972 -0.006246862129183871 1 1 
10 0.22415582738587672 -0.03540012457702588 0.018623404090848936 1 3 
11 0.24327057391743429 -0.041963186236226795 0.016250876927222917 1 4 
12 0.45278573183234455 -0.04038125474090569 0.019858355056501575 1 4 
13 0.0008676206685206062 -0.035 -0.0036367965302090896 1 7 
14 0.4143831479842994 -0.035 0.031807280365349286 1 7 
15 0.37329500429748286 -0.023869784691306087 0.0074319162260274175 1 0 
16 0.043986926238559786 -0.025 0.005963236475732825 1 5 
17 0.5168541469488539 -0.03590110284629832 0.0176383336633456 1 3 
18 -0.47317783960360454 -0.04 -0.028506262025224736 1 8 
19 0.38303898190514163 -0.029998722577537107 0.00027684601489895167 1 1 
20 -0.04532139906760874 -0.037580783679769865 0.013699806495507257 1 3 
21 -0.14170228856371458 -0.03866670514598092 0.010241382384901609 1 3 
22 -0.4314925421012858 -0.03508982737628188 0.019201666977185578 1 3 
23 0.05096973556384838 -0.025 0.01698911413988497 1 5 
24 -0.05004974425747983 -0.03 0.007424687475611126 1 6 
25 -0.4480745900253768 -0.03 0.013671166825510922 1 6 
26 0.4453999357681818 -0.029563091982647952 -0.005101332416682554 1 1 
27 -0.366765218133403 -0.025 -0.003427736393801662 1 5 
28 0.07781582826157575 -0.02421525516502807 0.006214613205387886 1 0 
29 -0.2958900190122769 -0.024687448238508967 -0.003940799344161092 1 0 
30 0.5234666893699371 -0.045 -0.03634309468078202 1 9 
31 0.20516411643849283 -0.038616856211868375 -0.010427771397181807 1 3 
32 -0.3709069139327266 -0.04 0.012343167176628214 1 8 
33 -0.2147286564153854 -0.04 -0.02492181416816156 1 8 
34 -0.21008756472924092 -0.039148642924617165 0.008208761000347271 1 3 
35 -0.11800568810102154 -0.03494100246176487 0.002031341174431724 1 2 
36 -0.48156446878445003 -0.043587547405813394 0.011185960448078215 1 4 
37 0.515294609316078 -0.03 0.018668260673422213 1 6 
38 0.2585213407789037 -0.025 -0.006351510526532277 1 5 
39 0.1078384327971629 -0.027220140279882746 -0.012612056261510449 1 1 
40 -0.21042307494106238 -0.025 0.011862851721112518 1 5 
41 -0.1027820717722308 -0.045 0.009159962528948788 1 9 
42 -0.1310909468938566 -0.032502015876844564 0.01298533649703942 1 2 
43 0.07167662111093229 -0.03 0.02223062862356944 1 6 
44 0.5221881512460329 -0.029827015742372686 -0.003217006668356761 1 1 
45 -0.07673776997756433 -0.04324191085359672 0.012455406285207787 1 4 
46 -0.17061154578990537 -0.026815472922386518 0.013451037578891654 1 1 
47 -0.23640825695480566 -0.043418023441449814 -0.01182688633739728 1 4 
48 0.12944870603448472 -0.0237007601984349 -0.00795449344812629 1 0 
49 -0.0046510671510158344 -0.029449644956924995 -0.005720001041176659 1 1 
50 -0.15923560663122888 -0.03 -0.005992121174201205 1 6 
51 0.16890487630687992 -0.04 0.0006903221728346148 1 8 
52 -0.41630105961216474 -0.03485289466594124 0.003205578482084718 1 2 
53 -0.14037022564351145 -0.02498122202712994 0.0009687858541689465 1 0 
54 -0.07955606148363296 -0.03 0.013332950690140337 1 6 
55 0.32630556498988783 -0.026726216058677057 0.013627522709022085 1 1 
56 0.17972739805961244 -0.04 0.03129886564951145 1 8 
57 0.36046339756988854 -0.03 -0.02201960441303309 1 6 
58 0.02945287899920227 -0.035 -0.005592346199639588 1 7 
59 -0.4959537966985849 -0.039089408051179574 -0.022293904507922725 1 4 
60 -0.36707183587949266 -0.03471211089807144 -0.004479883592236527 1 2 
61 -0.4576565198301 -0.04 -0.037513224733304464 1 8 
62 -0.3302512679156341 -0.035 -0.021849067517539872 1 7 
63 0.02774669813660988 -0.025 -0.0040101425627203716 1 5 
64 -0.47957128955804595 -0.045 -0.03690156660632551 1 9 
65 -0.4281788315891432 -0.03583209770883277 0.0177780981486958 1 3 
66 -0.4383853007703423 -0.04351252263781876 0.011474335435802353 1 4 
67 0.12206647363866688 -0.04350494804588518 -0.011503021147717285 1 4 
68 -0.3836977003171041 -0.028398288703695707 -0.009671463110695756 1 1 
69 0.014684860706146646 -0.02974852254878331 0.003876261880282448 1 1 
70 0.3914159332308143 -0.04253141074811036 -0.014699629239389753 1 4 
71 -0.129634371003431 -0.04082012146260834 0.01893984381609051 1 4 
72 0.10617105254921431 -0.035 -0.018742340959779183 1 7 
73 -0.48257830109756444 -0.023330666217705118 -0.008982205399456924 1 0 
74 0.3722285459797412 -0.03986044720284301 0.0033383751720507397 1 3 
75 -0.38418155672736654 -0.03 0.024993884016484766 1 6 
76 0.030365241550949645 -0.04194450969500783 0.016299021640742564 1 4 
77 0.37096879323448356 -0.044333740619412546 -0.007714884489780138 1 4 
78 -0.14947784501315498 -0.030853651395061313 0.016524291076836888 1 2 
79 0.18610526227362414 -0.035 0.01921107204289394 1 7 
80 0.09029590700716303 -0.03367287326842053 -0.009546601795869065 1 2 
81 0.07801262568000816 -0.02646117458726127 -0.014135283494238036 1 1 
82 -0.42117674964694424 -0.04421864088970101 0.008349359129158457 1 4 
83 -0.07549385734736895 -0.04448411433914303 -0.006794377930469361 1 4 
84 -0.21284285878341458 -0.027276066052833222 0.01249064532686278 1 1 
85 -0.3096681312433641 -0.025 -0.011736704346880428 1 5 
86 0.4432984390844377 -0.03450674574415449 -0.005855296589266489 1 2 
87 0.11083160760042884 -0.033473925934133335 0.010222342322391467 1 2 
88 -0.44647463744355587 -0.045 -0.0369640023798322 1 9 
89 0.4406726977930096 -0.035 -0.006230036193711753 1 7 
90 0.06412427542472389 -0.04 0.009823284795307571 1 8 
91 0.2649150697887402 -0.04 -0.0024445679253332353 1 8 
92 0.3998799067458732 -0.028421414392988134 -0.009603291305695502 1 1 
93 0.2193768217270887 -0.033149509495725704 -0.011229871779890965 1 2 
94 -0.030398866906029373 -0.035 -0.019249436589031697 1 7 
95 -0.4788252760684426 -0.04 -0.027910677942160983 1 8 
96 -0.23160118532399485 -0.045 0.005151097367375811 1 9 
97 0.21295619443114588 -0.045 -0.0405744829283725 1 9 
98 -0.2462799454290675 -0.045 -0.03355728358579655 1 9 
99 0.2636065803050503 -0.025 -0.016561842639961036 1 5 
100 0.5213290585697776 -0.026313499995210304 -0.014408321137525612 1 1 
101 0.08109727272241789 -0.039941953246391576 -0.0021541520055626956 1 3 
102 0.10302105370106132 -0.035 0.03469699782530253 1 7 
103 0.35572613347519083 -0.03439478120513224 -0.0064806655407514124 1 2 
104 0.24430508260577835 -0.04487552375626603 0.003344752248045159 1 4 
105 -0.11273223455891199 -0.029570319903217533 0.005059266826465766 1 1 
106 0.38745995304932174 -0.03 0.014192702455160099 1 6 
107 0.21307001237916132 -0.03 0.011165957630625174 1 6 
108 -0.3145199473506482 -0.035 -0.0258803320386259 1 7 
109 0.1268507365668608 -0.025 -0.01463962700156376 1 5 
110 -0.2811235659853856 -0.025 -0.0003450772162811762 1 5 
111 0.46253049888036746 -0.026590617018971852 0.013890251493416678 1 1 
112 -0.14596954567727538 -0.045 0.015856894902451124 1 9 
113 0.1770765763694803 -0.030555833884934092 -0.01706871452676837 1 2 
114 0.14221146934973736 -0.024892118969875022 0.0023200028425818995 1 0 
115 0.005393975430154782 -0.025 -0.011293647453499256 1 5 
116 -0.4317663697928847 -0.025 0.010942354330389294 1 5 
117 -0.010583290618910538 -0.045 -0.04376240080184749 1 9 
118 0.019564574542154656 -0.035 0.003342650540769633 1 7 
119 -0.44029662340608144 -0.025 -0.023464257380784642 1 5 
120 -0.2627839437764051 -0.03973783014969248 0.004572182738494956 1 3 
121 -0.21026537122275218 -0.039091423837385626 0.008477062130589737 1 3 
122 0.32936935511533577 -0.03972761590241273 0.004660100289732309 1 3 
123 -0.23121901916719056 -0.0398511691698047 0.0034473636013057857 1 3 
124 0.037695596075321726 -0.04 0.026652608087345285 1 8 
125 0.3143275522105891 -0.045 0.0010765136110973406 1 9 
126 0.17298188608148898 -0.034793037702499204 -0.0038005956681116775 1 2 
127 -0.5077721518542082 -0.03 0.007561221050500236 1 6 
128 0.31488102737831497 -0.025 0.012054780565367094 1 5 
129 0.010084110737482846 -0.03 -0.00399041226198878 1 6 
130 0.37013163459666304 -0.034431419041969565 -0.006283102956047753 1 2 
131 0.10756874110349511 -0.034742559872953646 -0.004237279017746117 1 2 
132 0.17477380313007437 -0.03 0.0012690150076580323 1 6 
133 -0.11877660435013644 -0.045 0.036910088699586355 1 9 
134 0.2018326313800289 -0.03364576185718933 0.009641717121410685 1 2 
135 -0.21963040024548708 -0.025 -0.007481362539462907 1 5 
136 0.21293063188878836 -0.025 0.0026344795571733477 1 5 
137 0.024208229431478014 -0.025 -0.007091947285218472 1 5 
138 0.4783030616612664 -0.029999998067983095 -1.076666199220813e-05 1 1 
139 0.059198413790188115 -0.030442930107345844 0.017269279269247345 1 2 
140 0.343476143792696 -0.03 -0.026794459657781475 1 6 
141 -0.06940949764553 -0.04 0.0016732375400033209 1 8 
142 0.17746482322757115 -0.025 -0.0029917133066192855 1 5 
143 0.14018958812635685 -0.02692969784739266 0.013220868876444355 1 1 
144 -0.2308474615489271 -0.035 0.00228273191065579 1 7 
145 -0.22319591115857831 -0.04 0.015363751990691121 1 8 
146 0.4535039021892012 -0.029964433550790457 0.001460384189267718 1 1 
147 0.3238360962815178 -0.035 -0.01881108037908038 1 7 
148 -0.3420955576927874 -0.04024911321018218 0.020124832565612517 1 4 
149 0.07612535264290282 -0.029897535479878997 0.002477372040969292 1 1 
150 0.12053399840521907 -0.035 -0.012869640481301809 1 7 
151 0.2711776229970225 -0.029999593429395788 -0.00015618601394792693 1 1 
152 -0.2704875293937213 -0.022946424687781602 -0.009922781568086998 1 0 
153 -0.1995624941702229 -0.02498719399579207 0.0008000851308784207 1 0 
154 -0.34326811178927497 -0.025 -0.0025694344790807636 1 5 
155 0.1058820128856981 -0.027631874661105067 0.0116824442097097 1 1 
156 0.47769928970771647 -0.03 0.010034954543075271 1 6 
157 0.21077412220173117 -0.045 -0.02782521317044146 1 9 
158 0.016385818547687364 -0.025 0.0014055296922083974 1 5 
159 -0.4349184685006459 -0.03 0.021466765582122516 1 6 
160 -0.07186362251746961 -0.03 0.0035580247904685516 1 6 
161 0.13066543729287108 -0.03 -0.008012461445521184 1 6 
162 -0.042658015242176904 -0.035 0.0003444680719381643 1 7 
163 0.398546644015391 -0.025 -0.023524400100823836 1 5 
164 -0.19582398201738851 -0.030502663059789426 0.017163552844937376 1 2 
165 0.29438658620460856 -0.035 -0.0009036914763834933 1 7 
166 -0.16565971514416677 -0.025 -0.020206717037236 1 5 
167 0.4288919818416565 -0.03876125659787444 -0.009877499023221171 1 3 
168 -0.4442209689517875 -0.03233243676615172 -0.013401997342291966 1 2 
169 -0.41364730874227623 -0.035 -0.012736480974316667 1 7 
170 -0.31260901322659096 -0.040802189460794065 0.01897844396164937 1 4 
171 -0.47650561945193426 -0.03914257997028051 -0.008237623035208332 1 3 
172 -0.14830111232611715 -0.03 -0.022292833476171316 1 6 
173 -0.19115764146371875 -0.027626857158627883 0.01169430474790063 1 1 
174 0.24082618763671962 -0.02266185722372784 -0.010556525336083573 1 0 
175 -0.01708938623278606 -0.035 -0.020061773249487942 1 7 
176 -0.17481921800127687 -0.025 -0.020237062997844807 1 5 
177 -0.04455619396592411 -0.034638120908170214 -0.005020017923372585 1 2 
178 0.04290370425563641 -0.035 0.012257791295523901 1 7 
179 0.41607482197234924 -0.03499647471885858 0.0004967466681242179 1 2 
180 -0.03670463164932461 -0.029450714631592687 -0.0057144910261975445 1 1 
181 0.0048754638897035305 -0.03949753614384522 -0.006320177099230698 1 3 
182 -0.10634389147422928 -0.025 -0.024987550074363214 1 5 
183 -0.07705577977940886 -0.04397076868605663 -0.00956929993036595 1 4 
184 -0.11610594363021588 -0.045 0.03859709501156701 1 9 
185 -0.3207959226655192 -0.04 -0.015334720625403832 1 8 
186 0.004719490987572404 -0.035 -0.020228844222249895 1 7 
187 0.5214446793684513 -0.045 0.033933603171389076 1 9 
188 -0.041117871244951545 -0.038420259418298734 -0.011130303959489501 1 3 
189 -0.3210518114330973 -0.03314468757777401 0.011244095578202525 1 2 
190 0.05180599310541944 -0.03838165274860874 -0.01126271425035792 1 3 
191 -0.4860288337816734 -0.03 -0.019466330328807707 1 6 
192 -0.48830019992482865 -0.024958716485319412 -0.0014361307062538495 1 0 
193 -0.2965648536122655 -0.03481534053373689 0.003590551979840642 1 2 
194 0.3718750905768982 -0.045 -0.026377997236984137 1 9 
195 -0.40255852814912574 -0.034869899228793355 -0.0030149838762084445 1 2 
196 0.5134400513217272 -0.04 0.0010277664904519493 1 8 
197 0.49008201772071597 -0.035 -0.015829047417795984 1 7 
198 0.3215279224170945 -0.034601430256755265 -0.0052669748610470295 1 2 
199 0.30052911024448425 -0.023952041587989092 -0.0071623811520499965 1 0 
