0 0.4293828460568525 -0.02979525100425325 -0.003499002371183189 2 1 8 
1 0.20024685389872024 -0.03998811357541378 -0.0009750757302940376 2 3 0 
2 -0.2933479580002076 -0.024909482067434187 -0.002125488916031961 2 0 7 
3 0.1103821274184833 -0.044726388702345306 0.0049548111615598375 2 4 0 
4 0.24449949441599514 -0.04 -0.035740699301337546 2 8 4 
5 0.24784255548461517 -0.045 -0.02243135899498229 2 9 7 
6 -0.47067209054378534 -0.045 -0.008695641821304091 2 9 0 
7 0.16621986545678544 -0.04 0.001319454616235137 2 8 1 
8 -0.4422522520912591 -0.0436693323036499 -0.010862293319248876 2 4 0 
9 -0.5223828835792752 -0.023329166777531902 0.008986099123985994 2 0 1 
10 0.4579428627388828 -0.026376683277962613 -0.014292325886784397 2 1 5 
11 -0.26833036822762296 -0.02854508410553166 -0.00922920220864857 2 1 8 
12 0.3773318455010667 -0.045 -0.039519406367798875 2 9 3 
13 0.49475705984029644 -0.025 0.014609798652683026 2 5 1 
14 0.3215984516171312 -0.038000042124471126 0.012489867835106177 2 3 3 
15 0.33972940294940485 -0.03 0.009335462358426555 2 6 8 
16 0.012254760461025837 -0.045 -0.01830203615736067 2 9 2 
17 -0.1387448203608202 -0.029948675209936135 0.0017540961118926183 2 1 8 
18 -0.5005153477928588 -0.025 0.00787742900790607 2 5 4 
19 0.10809021593359257 -0.029400328049869445 -0.005968308852603055 2 1 1 
20 -0.3936147249786425 -0.025 -0.014641279238306682 2 5 9 
21 0.35184025788435835 -0.04 0.01919584467330375 2 8 0 
22 0.15049581150513983 -0.035 -0.009270458270241415 2 7 8 
23 0.0759190492593941 -0.03391027541848021 -0.008665634485876768 2 2 0 
24 0.022887464317197535 -0.035 0.019765805285037477 2 7 5 
25 0.0501425658184114 -0.04196929537328956 -0.016235093035445625 2 4 6 
26 -0.023907546951204617 -0.02999967922788648 0.00013873076052717663 2 1 7 
27 -0.12005779394995514 -0.045 -0.034193389073944376 2 9 3 
28 0.4379239780537322 -0.045 0.038713857198766286 2 9 3 
29 0.043442172800512914 -0.040656719003073355 -0.01928811032489015 2 4 7 
30 -0.025105655753450126 -0.03816133914143066 -0.011988002124320482 2 3 0 
31 -0.2617850884326417 -0.03933359978869915 -0.0072710334659143415 2 3 6 
32 -0.37374045742686746 -0.024978592315822962 -0.0010343722346960735 2 0 4 
33 0.2668162436481222 -0.04498124685371531 0.0012990117340218117 2 4 5 
34 0.2531438522390189 -0.022901964659983468 0.010024969561692864 2 0 9 
35 -0.39234541186150357 -0.039928981702727254 0.0023825239103254627 2 3 0 
36 -0.48458874604708124 -0.036835148459265554 0.015593967999962884 2 3 3 
37 0.2002176908796976 -0.02995317555741906 -0.0016754921743873834 2 1 4 
38 0.49751176264664815 -0.03 0.0182135170253349 2 6 2 
39 -0.34049595384022485 -0.03 -0.00268077010298216 2 6 3 
40 -0.07357171728469478 -0.03896055632952405 0.009059528160670613 2 3 7 
41 0.10256563248104959 -0.045 0.014457283163759285 2 9 2 
42 0.1507946790689628 -0.03 0.001351087849467865 2 6 3 
43 -0.4570075774652609 -0.045 0.0182890404005112 2 9 4 
44 0.053191678686310334 -0.03812725304402589 -0.012095973516704583 2 3 4 
45 0.19571299344278129 -0.030572277490158162 0.01703924438068686 2 2 8 
46 -0.2741345091541198 -0.04 -0.03276918833560048 2 8 9 
47 0.2808516219439646 -0.034840233554736165 0.0033403781000713698 2 2 6 
48 0.47214951713999903 -0.045 0.002039014758446235 2 9 6 
49 -0.3713064047931127 -0.03982803484150985 0.0037050830845579514 2 3 0 
50 0.21954417705830964 -0.04 0.018476205848410657 2 8 3 
51 0.3297176927414132 -0.028147866331932184 0.01037774642972542 2 1 7 
52 0.15702359847048047 -0.035 -0.027749792101668898 2 7 2 
53 0.03273763940948477 -0.04486404855179796 -0.003495303640875213 2 4 6 
54 -0.49266243450064356 -0.045 -0.0386801735440553 2 9 1 
55 0.33441191106463036 -0.035 -0.014287181716010115 2 7 1 
56 -0.222800173412511 -0.03 0.008407031135516475 2 6 0 
57 0.1728437691280227 -0.045 -0.0032860799762689796 2 9 4 
58 0.4261132199035198 -0.035 -0.01824639342885507 2 7 3 
59 -0.32662220557600696 -0.025 -0.00770809183120864 2 5 4 
60 -0.30663170112948646 -0.04 -0.008516868495968846 2 8 5 
61 -0.4498340932953644 -0.03 -0.027758711202059763 2 6 5 
62 -0.18377457960232843 -0.03296619246566821 0.011757132061711332 2 2 5 
63 0.05578148915970069 -0.039982966822516224 -0.0011672035253404648 2 3 8 
64 0.4204062225005018 -0.03997318564331154 -0.0014643870818032488 2 3 5 
65 0.07045306554318254 -0.024963895156342394 -0.0013431078226058104 2 0 6 
66 0.0028441778968176534 -0.025 -0.016455001618312426 2 5 8 
67 -0.35113629451796036 -0.035 -0.005052650767764549 2 7 0 
68 -0.27298950710928077 -0.045 -0.01694743841893132 2 9 7 
69 0.02811595026823826 -0.029991753072417932 -0.0007033829988772023 2 1 9 
70 0.4738252350309808 -0.036528107440353376 -0.016300225974691288 2 3 1 
71 0.2915591499915694 -0.03933624862439199 -0.02185542367834628 2 4 1 
72 0.3061891403513799 -0.04248238156474429 0.014840729651451565 2 4 7 
73 0.2812348777555434 -0.029956263515955487 0.001619344361966952 2 1 2 
74 0.23663803550047266 -0.03170851112260954 -0.014817905465596245 2 2 7 
75 0.20276801107727963 -0.025 0.024000315971908222 2 5 4 
76 -0.37714836778720096 -0.02290110955058082 -0.010026922825687654 2 0 0 
77 -0.29828320981505363 -0.024911428921081072 -0.0021025482419972197 2 0 2 
78 0.5030862224033745 -0.03847893659448294 -0.010925723708650225 2 3 1 
79 0.08732145876176597 -0.04434010196487792 0.007678239234631133 2 4 1 
80 0.3263521161779112 -0.03 0.01450323567839662 2 6 7 
81 0.07397329572224756 -0.026563673407548394 -0.013941709188514374 2 1 5 
82 -0.0752958850745558 -0.035 -0.01848980809179696 2 7 1 
83 0.44545040679448605 -0.029837916134164685 0.0031142833478273717 2 1 2 
84 -0.2611132944904592 -0.03325445134537136 0.010915194259303372 2 2 9 
85 -0.39461021811731206 -0.025 0.012243173454730062 2 5 9 
86 -0.4171517666805021 -0.025 -0.008910990601428328 2 5 9 
87 -0.04044780359100425 -0.03199320362510811 0.014192777099721169 2 2 8 
88 0.39404605691167555 -0.045 0.030371236987758884 2 9 6 
89 0.26054656713139424 -0.04 -0.019283457826447848 2 8 7 
90 -0.3383889475543219 -0.025 -0.0040246399113542 2 5 8 
91 0.19708816256155307 -0.03 -0.013749542939414144 2 6 3 
92 0.37442004266268786 -0.045 -0.030263803246997043 2 9 3 
93 0.08715085517128675 -0.035 -0.03383001775730737 2 7 0 
94 0.19915690344815853 -0.029764441844209545 0.0037520663243961823 2 1 4 
95 -0.37685426949608936 -0.035 0.010960521396060963 2 7 2 
96 0.33592788639761645 -0.02342181081714673 -0.008741783459099662 2 0 0 
97 0.15095200341763929 -0.031519548364327125 0.015215717890025541 2 2 1 
98 -0.49241203760169744 -0.04 -0.033170071346957604 2 8 9 
99 -0.007600653519308859 -0.04462895102459238 -0.005766864871360784 2 4 3 
100 0.10783055861591208 -0.03127117008302909 -0.015719857557823697 2 2 9 
101 0.4989096392339284 -0.03923066379372469 0.007807369486820715 2 3 4 
102 -0.13138543306801037 -0.035 0.024227066205283046 2 7 2 
103 0.46639941929192874 -0.035 -0.015038686185634146 2 7 5 
104 0.13053661908704 -0.04 -0.009605727464923365 2 8 6 
105 0.42761736463058014 -0.03573531864420473 0.017971839121168245 2 3 9 
106 -0.35572805484466097 -0.025 0.006078654440912563 2 5 9 
107 0.33190234045901273 -0.02788858317871524 0.011055628805449351 2 1 8 
108 0.19698053234474838 -0.04 0.017825084569085978 2 8 0 
109 0.13390661714451188 -0.029794295709230128 0.0035071274842741655 2 1 2 
110 -0.4864626306580413 -0.0344982281519536 0.005905273437848266 2 2 1 
111 -0.30920902886699253 -0.02494907918329178 -0.001594819082478269 2 0 2 
112 0.5053653109085031 -0.04 -0.032766699552427656 2 8 5 
113 -0.2321308700097227 -0.035 -0.023694562359504262 2 7 4 
114 -0.03929662070957372 -0.029995286165843068 -0.0005317967931300645 2 1 7 
115 -0.222467961184819 -0.029896146747195 0.002494074912704453 2 1 9 
116 0.2621197994566836 -0.045 0.025940231435029423 2 9 3 
117 -0.38391522131507877 -0.03533336937294166 0.01874974689843222 2 3 4 
118 -0.45608930699174777 -0.04 -0.025939631923074205 2 8 9 
119 0.3977247931896529 -0.03 0.027582410323662668 2 6 6 
120 0.03856513919499522 -0.025 -0.02124264612730278 2 5 1 
121 0.1867888045218655 -0.03 0.014351541967475345 2 6 0 
122 0.1515459451360969 -0.035 -0.031227032295594242 2 7 7 
123 -0.46428525194349074 -0.03899578231233048 0.022457269688217516 2 4 3 
124 0.30404014689397785 -0.024999236242008296 0.00019541575233102669 2 0 1 
125 -0.20076263038638517 -0.04 -0.03304953198566639 2 8 1 
126 -0.18526442375613547 -0.033704557121794924 0.009434131079419199 2 2 5 
127 0.2440673263630921 -0.03 0.02741590760810131 2 6 3 
128 -0.10193114934719091 -0.04 -0.01524349763652456 2 8 1 
129 -0.2799551990800029 -0.035 -0.031212434489324828 2 7 4 
130 -0.4510665315109073 -0.022492795739854948 -0.01091210977791019 2 0 9 
131 0.03781308256444337 -0.024194637562295947 0.006294403325902954 2 0 0 
132 -0.31231481694126434 -0.03 0.00725507506358649 2 6 5 
133 0.3156356186466216 -0.04 0.012066424790625196 2 8 2 
134 0.24954191914661508 -0.037518396656407924 -0.013869748099098229 2 3 4 
135 0.4603973814082106 -0.024992493657538167 0.000612585322966948 2 0 2 
136 -0.33799167006845027 -0.03997466928931588 -0.0014233113537892713 2 3 0 
137 0.3621125609422202 -0.03 0.01369784489683381 2 6 4 
138 -0.4641088294335327 -0.04 -0.0012898200290916081 2 8 5 
139 0.10208276159955457 -0.045 0.022038170845077282 2 9 5 
140 0.2932111158043185 -0.025 -0.022048276917851568 2 5 9 
141 0.26596224742061847 -0.034677573068368585 -0.004739823423710871 2 2 9 
142 0.4668267745883521 -0.025 0.020566497721705934 2 5 6 
143 -0.06388351600795059 -0.038311035336651124 0.011500633523152932 2 3 5 
144 -0.41730696109173376 -0.03907520119657997 -0.008551529187624597 2 3 7 
145 0.43975548206286885 -0.03285419831069829 0.012066551013496355 2 2 8 
146 -0.1320587949432044 -0.03 0.029519149008493013 2 6 2 
147 -0.04432271411652337 -0.025 -0.021701874448377564 2 5 6 
148 0.21439619789032882 -0.025 -0.019336026610506013 2 5 9 
149 0.5058342910749545 -0.035 0.021512314143663565 2 7 1 
150 -0.47960094782845003 -0.025 0.018678254804851892 2 5 6 
151 0.22927319045442346 -0.033021523660992265 -0.011600817863690839 2 2 6 
152 -0.1790715760804345 -0.02875381439564028 0.008556760935136003 2 1 0 
153 -0.04296279200529192 -0.04 0.022751998518437434 2 8 5 
154 -0.2835398834706242 -0.035 0.028395764227266196 2 7 4 
155 -0.13467999173326653 -0.02456738071244152 -0.004630745612744944 2 0 9 
156 0.29848884165579953 -0.03482992331792353 -0.0034462213607901813 2 2 1 
157 -0.21647975176120005 -0.02435030450368816 0.005662390888808738 2 0 2 
158 0.1537388513772882 -0.03 -0.011536852741314229 2 6 6 
159 0.505592745088784 -0.03155305482575777 -0.015146112740988177 2 2 5 
160 -0.503952368066595 -0.0449843318330674 0.00118738769257492 2 4 8 
161 0.4487132552455736 -0.04 0.016802878147644716 2 8 5 
162 0.07532243325481118 -0.04 0.022288003989299747 2 8 1 
163 -0.4649408357921465 -0.035 0.02617826829036833 2 7 9 
164 0.2641544050934276 -0.02731491641511515 0.012405456107506607 2 1 1 
165 -0.0012336059882207867 -0.025 0.01255256170356036 2 5 5 
166 -0.36834906446057747 -0.03 0.017448761292959823 2 6 4 
167 0.2885493796665698 -0.02308723738061626 0.009590592793517783 2 0 6 
168 0.3382526449873337 -0.025 0.020026979524883914 2 5 9 
169 -0.29634243800065463 -0.023520016683898 -0.008474008212714915 2 0 8 
170 0.3331618908096159 -0.02477563296240677 -0.0033418574643606738 2 0 8 
171 -0.4492187691159644 -0.023894702203929113 0.0073514084763088156 2 0 6 
172 -0.47823811163503316 -0.023664036672212018 -0.008063086777171933 2 0 4 
173 -0.267283670764304 -0.04 0.010537467517774124 2 8 8 
174 -0.34570652463907436 -0.029681549359331205 -0.00435954442913308 2 1 9 
175 -0.12400465761728256 -0.023127446613039268 0.009493219325445855 2 0 0 
176 -0.23111531812387856 -0.029907255871229235 0.0023571266942666344 2 1 5 
177 0.4983249326045513 -0.025 0.0027882402105316555 2 5 2 
178 0.02425904501280434 -0.03 -0.01512220588600451 2 6 0 
179 -0.49405802624616435 -0.028815850672166042 -0.008345462841534184 2 1 7 
180 0.44230513058980714 -0.025 -0.004947319319375958 2 5 5 
181 0.3420514062393483 -0.033817533900685974 0.009020776068385408 2 2 9 
182 0.4195229133988221 -0.02237375005705533 -0.01115416103453849 2 0 3 
183 -0.2921527037938415 -0.024970657442174263 0.0012108950844673585 2 0 0 
184 0.5182524028543574 -0.038851199135093814 0.00951757982710341 2 3 6 
185 0.37100995436320333 -0.035 0.03144044609616101 2 7 0 
186 -0.3764048163830885 -0.04 -0.007760772389279441 2 8 7 
187 -0.38652642220092026 -0.04 0.009577229509247866 2 8 5 
188 -0.3486497218364551 -0.04391831881209064 0.00980720514313661 2 4 0 
189 0.41528696977083496 -0.03946160306178361 0.02162826585268061 2 4 5 
190 0.05688072578566549 -0.02316215249574475 0.009408224687148229 2 0 7 
191 -0.06606630577679162 -0.03494796576662811 0.0019077968378708073 2 2 0 
192 -0.1690722977240663 -0.04477680634313221 -0.004476339320207441 2 4 7 
193 0.301720769693537 -0.035 0.007877626016177343 2 7 3 
194 0.2054897316068902 -0.03 0.026409608321679025 2 6 9 
195 -0.43602593003847395 -0.03 0.016059554495375536 2 6 0 
196 0.3083080188986163 -0.035 0.0001587831806496645 2 7 2 
197 -0.0035919798610554825 -0.045 0.03717596291201192 2 9 3 
198 -0.08443293706453654 -0.02497208396162656 0.0011811107541097377 2 0 3 
199 -0.14041912425598121 -0.03831345390893165 -0.011492573670339025 2 3 1 
