0 0.22522533166982026 -0.04494580084737751 -0.0022079370887501974 2 4 2 
1 -0.4277844344105206 -0.025 -0.014484893468418048 2 5 6 
2 -0.00627342082357371 -0.04 -0.011610769909148885 2 8 7 
3 -0.41244596051667587 -0.044528098652266056 -0.006499879261498761 2 4 5 
4 0.20942651652865943 -0.045 0.007721145478106935 2 9 7 
5 0.34863460349952846 -0.044609858194585586 -0.005912744866723487 2 4 0 
6 -0.46909056781159997 -0.025 0.0012954603449591776 2 5 0 
7 0.4208452827841507 -0.03632160872504935 -0.01675531974103804 2 3 6 
8 -0.3426018436641491 -0.035 -0.021416351738199658 2 7 7 
9 0.302112172711653 -0.03 0.024671314420367026 2 6 5 
10 0.22200026929007208 -0.04 0.020061933466856932 2 8 6 
11 0.033173667612658816 -0.03484767478597807 0.0032618341482528916 2 2 1 
12 0.47811448364952175 -0.022241061299620772 -0.011416443941372952 2 0 3 
13 0.36581071004104165 -0.03114644564044295 -0.015965554295636984 2 2 9 
14 0.4742008514879395 -0.03 -0.002970115594607404 2 6 8 
15 -0.41403166308520234 -0.045 0.028752331749965263 2 9 0 
16 0.10938705950735253 -0.03112929291607119 0.015998972546555613 2 2 9 
17 -0.15854258151641776 -0.027085274942324277 -0.012899142657506375 2 1 4 
18 -0.5071781369047098 -0.02796117039067248 0.010870738263051887 2 1 1 
19 -0.3371975597967129 -0.031668203817994074 -0.014903854096910162 2 2 4 
20 -0.06422214663399382 -0.039670948064215505 -0.02124184266221544 2 4 1 
21 0.3167772866360064 -0.03 -0.00948904223802657 2 6 8 
22 -0.3368368015067996 -0.03959016174169101 -0.005711312744610044 2 3 3 
23 -0.06306425584516324 -0.04 -0.0170931809640084 2 8 8 
24 0.2275393476058184 -0.039426207256459005 0.00675086523126775 2 3 5 
25 -0.16574453297825906 -0.04 -0.03633195628660891 2 8 0 
26 -0.40662160060905567 -0.035 0.03026820312694367 2 7 4 
27 0.4835928112320511 -0.025 -0.013535901631261905 2 5 5 
28 -0.44705674948625984 -0.040612024131050015 -0.019382040552506613 2 4 7 
29 -0.4270360917574819 -0.04039924860826853 0.019821723232032913 2 4 4 
30 -0.36979312421009947 -0.03939292419040944 0.021753103772304647 2 4 7 
31 0.3554108022239449 -0.025 0.01220129597840635 2 5 3 
32 -0.06683153716847418 -0.034948506150646014 -0.0018978719235654615 2 2 4 
33 0.2828181691504125 -0.045 0.041902817633564224 2 9 3 
34 -0.4414626337952381 -0.02440621830247124 -0.005416318691890083 2 0 1 
35 0.26691236941057483 -0.035 0.006982333249077162 2 7 9 
36 0.4778627701433272 -0.035 -0.012606200040406162 2 7 8 
37 -0.25338790555800544 -0.04 -0.03278205030560642 2 8 4 
38 -0.49718995766145546 -0.02465438476466282 0.004142621377336081 2 0 3 
39 -0.01781891159837454 -0.043651907250478815 0.010932108369184554 2 4 0 
40 0.3020495290731261 -0.04 0.02913619101469927 2 8 0 
41 0.07789995309873472 -0.025 0.005132684999278835 2 5 5 
42 0.04167645686486173 -0.04267600985388935 0.01427438905700481 2 4 2 
43 -0.1618713245115525 -0.045 -0.01762492188217215 2 9 9 
44 -0.269070481446614 -0.02478149544741237 -0.0032981029986766442 2 0 5 
45 -0.5125237972976111 -0.028687133028087442 -0.008777721721996801 2 1 1 
46 0.1988310118470347 -0.045 0.03135438499206272 2 9 6 
47 -0.11638100757076043 -0.03455336863137849 -0.005573573021327426 2 2 6 
48 -0.26251680301855845 -0.045 0.03524797350333182 2 9 6 
49 -0.3020098056834211 -0.03 0.004139450633013755 2 6 5 
50 -0.3378348515329177 -0.03 -0.025989169253240456 2 6 5 
51 -0.2158337123351645 -0.04499058603962772 0.0009204171939154964 2 4 9 
52 0.3557822350578415 -0.045 -0.03763832076727329 2 9 7 
53 0.3465972400830209 -0.02951068915697741 -0.005396223260786732 2 1 2 
54 0.1760474542846695 -0.04 0.024798136828413815 2 8 0 
55 -0.4034901955191526 -0.039200682219366456 -0.00795653904258923 2 3 0 
56 0.05706811229760294 -0.03 -0.01401308379631826 2 6 2 
57 -0.22639547428905477 -0.033542317529976585 -0.009995645787953155 2 2 4 
58 -0.22018150634591577 -0.029972266614604035 -0.0012896642908494258 2 1 0 
59 0.1545153585699104 -0.024420858510461455 0.00534992239308407 2 0 8 
60 0.43943000763668233 -0.02383754877795977 -0.007534671078314483 2 0 8 
61 -0.4374372571695954 -0.024994425631117527 0.0005279084868945993 2 0 8 
62 0.46258846330015535 -0.045 0.010389530385512644 2 9 4 
63 0.047064950167859346 -0.025 -0.020555134259618208 2 5 2 
64 0.15210026720585917 -0.030318618612164613 -0.01748660531521501 2 2 0 
65 -0.3406997558901591 -0.045 -0.014009428404890271 2 9 9 
66 0.41122796940610756 -0.03 0.02614470888896845 2 6 7 
67 0.09953849753580872 -0.03494422026503974 0.0019752139297773475 2 2 7 
68 -0.27796558714782604 -0.045 -0.013414212810994933 2 9 0 
69 0.3775928934195267 -0.04 -0.025522931680444227 2 8 6 
70 -0.4624831633044486 -0.035 -0.0005656802839452066 2 7 0 
71 -0.020348792833619834 -0.038047757831770376 -0.012343748376200654 2 3 9 
72 0.027839060420173173 -0.03 -0.025462902236062273 2 6 2 
73 -0.1363148934291165 -0.045 -0.023694080345110002 2 9 0 
74 0.40526078401388765 -0.03 -0.003349774485099037 2 6 2 
75 0.3564418338828549 -0.024681932066398096 -0.003975201814966067 2 0 5 
76 0.3106759201104628 -0.035 0.03248590612129802 2 7 4 
77 -0.23023325317599425 -0.03385352382639516 -0.00888475798970887 2 2 3 
78 0.40194993793484896 -0.023219822597974574 0.009264979142911734 2 0 5 
79 -0.1109716158011525 -0.035 -0.024658378662890647 2 7 9 
80 0.503791182630511 -0.02921447508241743 0.006820149973337162 2 1 9 
81 -0.011430960563012208 -0.035 -0.0217046183481114 2 7 6 
82 -0.4530047143403233 -0.034971493376654735 -0.001412321141452734 2 2 6 
83 0.04254144636294021 -0.038677743013475104 0.010199617413588512 2 3 9 
84 0.07111790287914821 -0.03 0.001343044350019744 2 6 1 
85 0.08340238798792843 -0.035 -0.03316630521276575 2 7 9 
86 -0.053893403642498436 -0.045 0.010820958123400636 2 9 7 
87 -0.18486105822096055 -0.045 0.013079621132388176 2 9 1 
88 0.2885339464329404 -0.03770926784588163 0.013342080742056603 2 3 5 
89 0.2809447734108829 -0.045 0.03954767981153888 2 9 7 
90 0.5085508939912735 -0.024174162335550226 -0.0063725878082977255 2 0 6 
91 0.2585603676890722 -0.024975108828308966 -0.0011153201397462343 2 0 9 
92 -0.3869247614386248 -0.035 -0.0022983027078732343 2 7 5 
93 0.2444893026530339 -0.045 0.024849715973541298 2 9 2 
94 0.05101885318872715 -0.045 0.028965317967843407 2 9 0 
95 -0.2913047588502388 -0.03203471407668183 -0.014098833073174638 2 2 0 
96 -0.15898477640395123 -0.045 0.01973100655937894 2 9 0 
97 0.021123231788070632 -0.04297805370344199 -0.013337424783819999 2 4 3 
98 0.30341926053743873 -0.03495937556551309 0.0016858410569820848 2 2 0 
99 0.06639747903028988 -0.03982463543544722 -0.003741445233291826 2 3 4 
100 -0.13741996911846133 -0.045 -0.01821177221870451 2 9 3 
101 -0.26593525933256407 -0.045 0.018945710826750367 2 9 2 
102 -0.40130705382563514 -0.045 -0.03256969680555073 2 9 5 
103 -0.267907534327163 -0.045 -0.013727484079434187 2 9 0 
104 -0.4501919100383925 -0.03224701310143039 -0.01360625393104866 2 2 8 
105 0.04525511288807526 -0.036860702067350724 0.015533468482666894 2 3 9 
106 0.4800696863987039 -0.03 -0.007645437626843967 2 6 3 
107 -0.35747789916019956 -0.03899084140111063 0.008928285772388623 2 3 0 
108 -0.05675452979972615 -0.03840937485369929 0.011167807454823563 2 3 7 
109 -0.36855005391083195 -0.0324374617772859 -0.013145762566208025 2 2 5 
110 -0.4496589715637699 -0.032858450716665696 -0.01205496646616869 2 2 5 
111 -0.31416707205847977 -0.04404097631301074 -0.0092408011231076 2 4 6 
112 -0.5223994186398527 -0.044563933322949716 -0.006249467720349594 2 4 8 
113 -0.33281344983853545 -0.03938946905090756 0.006962020388335246 2 3 6 
114 0.29322036955976055 -0.035 -0.02563831022994348 2 7 6 
115 -0.3811536177601846 -0.028103276529825347 0.010497897326996861 2 1 7 
116 0.27725970813400885 -0.034708416296678694 -0.019882802573491724 2 3 4 
117 0.12474211878404706 -0.03 0.024367265426002482 2 6 6 
118 0.18457970353776 -0.035 0.009530526785883071 2 7 4 
119 -0.18378312381915637 -0.02714580198449781 -0.012771273805632494 2 1 1 
120 -0.16944830423759916 -0.03259467306815276 -0.012750972024917852 2 2 3 
121 -0.3055070061529546 -0.04447944693299715 0.0068248663382289125 2 4 8 
122 0.39661423962080933 -0.035 0.02012967630103566 2 7 0 
123 0.37808707466621055 -0.035 0.004616713687163168 2 7 1 
124 0.17765680300199935 -0.025 0.0209138810225344 2 5 1 
125 0.2713758300533304 -0.02736302047178673 0.012298988196619275 2 1 1 
126 -0.2970690150695983 -0.034839668687910975 -0.0033462644421198206 2 2 9 
127 -0.42554477793507367 -0.045 -0.007625736743247742 2 9 9 
128 -0.39726655772722036 -0.03997566604196787 -0.0013950356630055046 2 3 6 
129 0.1851429706337223 -0.03 0.007043488765992617 2 6 8 
130 -0.09674895145274712 -0.02672328812015004 0.013633263440843778 2 1 1 
131 0.4610918512706349 -0.02934422104676135 0.006238324387109748 2 1 5 
132 -0.36714412032790616 -0.039930553676759434 0.0023560312110482693 2 3 7 
133 -0.3771536683395329 -0.03 0.02505021392142366 2 6 6 
134 -0.3131580915994149 -0.03 7.791875164979076e-05 2 6 6 
135 -0.4220192568304683 -0.024984215889661914 -0.0008882321649012914 2 0 3 
136 -0.10975946791813534 -0.04 -0.011423985767577527 2 8 4 
137 -0.3087591007521276 -0.04 -0.022427475751238123 2 8 8 
138 0.3378949128548218 -0.035 -0.026951948680036142 2 7 8 
139 -0.3837593526730532 -0.03419605553391921 0.0074585377870674775 2 2 9 
140 0.1766265842809029 -0.040808696211863726 0.018964448673447352 2 4 3 
141 0.1965923936348363 -0.028404448291813808 0.009653357821901952 2 1 7 
142 0.2619686441708165 -0.03 0.011371693517253832 2 6 8 
143 -0.11984897587260136 -0.033006408840937876 -0.011643752634990939 2 2 0 
144 0.026351128521481207 -0.045 0.009954837986431986 2 9 6 
145 -0.43587315272616767 -0.04 0.012152939005827236 2 8 8 
146 -0.3763712439390184 -0.022489600884560954 -0.010918692781334 2 0 5 
147 0.31631224456584345 -0.025 -0.016978712802038692 2 5 1 
148 0.1088797369466299 -0.025 0.01929117299316386 2 5 7 
149 0.2621349368738718 -0.031176800478546866 -0.015906197280333222 2 2 9 
150 0.4382062686849465 -0.03225834713341031 0.013579360817814627 2 2 8 
151 0.1245707301653514 -0.03899389639260513 0.022460544163549926 2 4 5 
152 -0.33480580521978803 -0.03827190074513627 0.011630202636000727 2 3 6 
153 -0.44424658264110595 -0.035 0.02236019491367737 2 7 0 
154 -0.320502739548347 -0.026027426773835093 -0.01491888251621589 2 1 6 
155 -0.30775343937391325 -0.035 0.01385519374344446 2 7 6 
156 0.42208722487448397 -0.024966979870822706 0.001284490611072677 2 0 9 
157 0.28341908059871673 -0.025 0.0246590144919058 2 5 3 
158 0.39932904170735894 -0.035 0.024543789840183697 2 7 2 
159 -0.1638936446782191 -0.03994082205051402 -0.002175025041045107 2 3 5 
160 -0.00907145843230282 -0.025 -0.009894627728228744 2 5 3 
161 0.3926922401571579 -0.027099288327484095 -0.012869676458399575 2 1 8 
162 -0.13794067862427023 -0.02499893396552605 -0.00023086919947904952 2 0 8 
163 -0.46741938506200514 -0.02492711151006069 -0.0019076456078108107 2 0 3 
164 -0.3173104174935943 -0.024202274875755353 -0.00626497333101916 2 0 9 
165 0.485467046233748 -0.03 -0.019429951683101142 2 6 6 
166 0.43269346615433185 -0.03 -0.0073019894787919905 2 6 6 
167 -0.4749841704046447 -0.034998355689528075 0.0003392624784410618 2 2 9 
168 0.2333939412492109 -0.03608136465184327 -0.017266589844573098 2 3 0 
169 0.31599510232766803 -0.02789118522229726 0.011049062715701594 2 1 8 
170 0.4802788797220672 -0.0323131967758713 0.013448320122744724 2 2 4 
171 -0.18098871716227669 -0.03 -0.002446811646353058 2 6 1 
172 -0.40544881139339695 -0.04 0.012459169778421535 2 8 1 
173 -0.10416580044562028 -0.03547304495923866 -0.018484130526476822 2 3 7 
174 -0.0749773653829924 -0.04 -0.03956482008388317 2 8 8 
175 -0.13892410588669946 -0.023850749708465582 -0.007492779080163047 2 0 1 
176 0.4459620830067697 -0.04 0.019374332335199737 2 8 0 
177 0.009325506248255597 -0.03 0.01838268257697378 2 6 4 
178 -0.4166959947191381 -0.024260559018385097 0.0060353356257505375 2 0 6 
179 0.3430318776443723 -0.045 -0.017797953135535872 2 9 4 
180 0.37179632122740186 -0.025 -0.016384081043252424 2 5 3 
181 -0.20124740084662657 -0.021694153163819833 -0.01242431963951049 2 0 8 
182 0.40095556424275564 -0.034973303633633684 0.0013667600190469084 2 2 2 
183 -0.3156660192228451 -0.034414222159019466 0.006376622396665315 2 2 4 
184 -0.2354594490080111 -0.045 0.0267281046605259 2 9 6 
185 0.42261194330518476 -0.035 -0.01542686635015841 2 7 6 
186 0.4843377794135983 -0.04492224184442785 -0.0026442745074472577 2 4 9 
187 -0.24987202080037602 -0.04 0.0007125909912930328 2 8 4 
188 0.4089087910132029 -0.026662431256631248 -0.013751900213621862 2 1 6 
189 -0.42590908174205777 -0.029343188860242803 0.006243177677443008 2 1 2 
190 -0.10438183021421803 -0.024416136519338577 0.005371431603308473 2 0 4 
191 0.10422928578236205 -0.03 -0.008493349764992334 2 6 2 
192 0.46256675495231064 -0.040937722717493116 -0.018684294439599472 2 4 3 
193 -0.4695700230991364 -0.024941995681879138 -0.0017020139262422529 2 0 0 
194 -0.010843759374127756 -0.04 -0.002238703857926537 2 8 5 
195 -0.13209367255007634 -0.045 0.02200611738089292 2 9 7 
196 0.2930632088457838 -0.03955686642758038 -0.021453538599274583 2 4 4 
197 0.15951697181058697 -0.025 -0.01970206327465456 2 5 2 
198 -0.09267249520489222 -0.026724761240173384 0.013630375514112822 2 1 4 
199 0.3589595224340808 -0.03 0.004281381182675535 2 6 6 
