0 0.2958996635361591 -0.045 0.03956189418059004 3 9 0 6 
1 -0.24524826107955522 -0.045 -0.007718808520857469 3 9 6 0 
2 0.2440408527079113 -0.025 -0.002142804342080966 3 5 6 4 
3 -0.5062248928078982 -0.027199791532520612 -0.012655881659822042 3 1 5 6 
4 -0.0881946444638446 -0.025 0.02169866766517265 3 5 1 9 
5 0.24510856080364776 -0.03225967932365994 0.013576195709204689 3 2 3 4 
6 0.47838229800231724 -0.03 -0.02372625642792902 3 6 2 0 
7 0.17871605859603543 -0.04 0.009733850936092123 3 8 5 0 
8 -0.2730054074892286 -0.04498670311531419 0.0010938659948001388 3 4 4 4 
9 0.09267086687533269 -0.03585883803870006 -0.0177241003866001 3 3 4 6 
10 0.2062848263145536 -0.039615098998855014 -0.021345817653838327 3 4 8 8 
11 0.2865804747981526 -0.04 -0.017340912782501102 3 8 9 8 
12 0.08937569556701112 -0.023215137226239996 0.009276712972106334 3 0 1 2 
13 -0.21200568086996732 -0.03 0.008625015681788896 3 6 9 8 
14 0.3774215854753002 -0.03985157628908426 0.0034426541033477573 3 3 2 9 
15 0.3595235868723274 -0.04363212297109879 0.011010805830406475 3 4 3 9 
16 -0.07994365139081498 -0.025 -0.012887677315253544 3 5 5 6 
17 0.09643229701482378 -0.04325029296780013 0.012426268876837423 3 4 5 5 
18 -0.09006600967315914 -0.035 0.013800849012625953 3 7 2 3 
19 -0.19981005177826827 -0.03 -0.010412998182987066 3 6 3 1 
20 -0.011927716583240862 -0.025 -0.01930741977303282 3 5 9 7 
21 -0.10185543428157916 -0.025 -0.013532069131044135 3 5 3 4 
22 -0.299806184756116 -0.042621598889590655 -0.01443604198161132 3 4 9 6 
23 -0.15172366611897675 -0.04 -0.0031174660118134037 3 8 2 1 
24 0.3826196214787035 -0.045 -0.024313254040828878 3 9 5 3 
25 -0.11948587515973041 -0.044772375711087706 -0.004520439490271222 3 4 7 9 
26 -0.40374793727252056 -0.02386974588058067 0.007432040876939674 3 0 1 5 
27 -0.37513735532810316 -0.04175906870408499 0.01676842810067507 3 4 4 8 
28 -0.08007466417535486 -0.04306176865088923 0.013064611768334074 3 4 6 1 
29 0.25947278213971336 -0.045 0.02565561821733793 3 9 1 3 
30 -0.09999032905652236 -0.035 0.02440616183938637 3 7 4 9 
31 -0.3960999534514166 -0.035 -0.019777776734009787 3 7 7 3 
32 0.04541931418587043 -0.03 -0.017652616025831118 3 6 4 8 
33 0.1972651515188309 -0.04 0.02280489812426794 3 8 6 8 
34 -0.3421854710836149 -0.04 0.027372424913201666 3 8 7 1 
35 0.2815179491330317 -0.04 -0.029817437778588855 3 8 9 1 
36 -0.1784253012998724 -0.03103683683767983 0.01617760053627362 3 2 7 8 
37 -0.4641273230984336 -0.03993419463434523 -0.002293490550717992 3 3 1 5 
38 -0.27963118099683526 -0.025 0.01507657630770478 3 5 9 8 
39 -0.0356713989321398 -0.03 -0.02415213516229542 3 6 4 2 
40 0.3530147277867506 -0.045 0.005038994758546585 3 9 9 3 
41 0.057443680297896246 -0.04 0.03256653700020685 3 8 2 4 
42 0.15316885522093532 -0.04 0.03672766650988161 3 8 7 5 
43 -0.4322611032267663 -0.034193082508513335 0.007472155550174235 3 2 2 3 
44 0.08394074439139916 -0.022997377284311997 -0.00980411332263202 3 0 7 2 
45 0.023926696137513928 -0.04 0.003955595068220408 3 8 0 9 
46 0.35737393462451456 -0.024613173086404136 0.004380834466024839 3 0 9 3 
47 0.32495605344009065 -0.035 -0.024259769318899095 3 7 4 6 
48 -0.23580062909579103 -0.039939260474586395 -0.0022035137265606465 3 3 3 8 
49 0.4650912408213671 -0.035 -0.0198833577621347 3 7 4 6 
50 -0.034855334111526755 -0.025 -0.0015344526954295772 3 5 0 9 
51 0.05882637970706341 -0.045 0.025491133933689986 3 9 3 9 
52 -0.1053957716453524 -0.04259767448698363 0.014506485732284847 3 4 0 3 
53 -0.4316934691061396 -0.022899276651997327 0.010031108055209563 3 0 9 9 
54 0.34640654617986893 -0.04 0.033281155126070404 3 8 2 0 
55 -0.2059558766734758 -0.035 -0.0008434877479016126 3 7 3 2 
56 0.518107366975372 -0.029438408845218353 0.0057775500570544465 3 1 9 5 
57 0.3550487786491531 -0.02237262207536773 -0.01115642332796531 3 0 8 5 
58 0.31601716302765637 -0.04 0.03356820525333017 3 8 7 7 
59 0.4513601029225127 -0.04382503112742796 -0.010215999543851346 3 4 0 3 
60 0.231579452775157 -0.045 0.03531927581805945 3 9 0 8 
61 0.440380676857146 -0.025 0.015034599416868653 3 5 0 3 
62 0.3347097754943366 -0.03 0.020916041728790566 3 6 3 0 
63 -0.24450198484849023 -0.04 0.010550331354186947 3 8 6 5 
64 0.12280368453255854 -0.03 -0.01837420421549391 3 6 2 9 
65 -0.2877234053771544 -0.03 0.01992405356662364 3 6 5 9 
66 0.04156882741749124 -0.04 -0.0053736037685010035 3 8 1 1 
67 0.11326040899492557 -0.025 0.017378560860451225 3 5 0 9 
68 -0.24714191058841614 -0.03 0.0070334032403747 3 6 6 5 
69 -0.45322323805473735 -0.024246345745143248 -0.006092184994480555 3 0 7 5 
70 0.48240549560000284 -0.023704951378845006 0.0079419947196277 3 0 1 7 
71 0.26716633093761066 -0.04 0.009479981194546128 3 8 3 2 
72 0.3418054323804259 -0.04 -0.0007925080687731373 3 8 0 9 
73 -0.1346551271381804 -0.02293542966842152 -0.009948168973478985 3 0 3 4 
74 0.5076420494532544 -0.03568210232882405 -0.01807726675676745 3 3 1 9 
75 0.14352534495626276 -0.045 -0.036371484680154546 3 9 5 7 
76 -0.11666047436957162 -0.035 0.017529521973766955 3 7 8 0 
77 0.4808717181493831 -0.04 0.03306346537208025 3 8 5 7 
78 -0.06056835756001032 -0.025 -6.812407299073772e-05 3 5 7 7 
79 -0.3472682699643275 -0.04 0.028885987933813063 3 8 1 5 
80 -0.22550999529664045 -0.04 0.032460792806443074 3 8 1 5 
81 0.255438904682729 -0.03370464325476368 0.009433823353715792 3 2 0 2 
82 -0.43544985945480047 -0.03253861411091154 -0.012893354557336464 3 2 9 3 
83 -0.19198900851595604 -0.045 0.032167325724627854 3 9 9 4 
84 -0.224757319048478 -0.045 0.04295146261245664 3 9 4 0 
85 0.2633316419807003 -0.025 0.0030399556322680613 3 5 8 3 
86 0.06994218788287894 -0.04370624409609376 0.010712806682315754 3 4 8 5 
87 0.21964683998717735 -0.035 -0.025927501800222692 3 7 8 3 
88 -0.15360136121885334 -0.045 0.019667647264855675 3 9 4 5 
89 -0.40176494167319265 -0.039967918835529026 -0.0016017065763004696 3 3 1 7 
90 -0.13843138321175472 -0.045 -0.039824703968128546 3 9 4 2 
91 -0.15676518278918333 -0.03 0.003299337739989895 3 6 0 2 
92 -0.40825946458768664 -0.03872575005567819 -0.010015801646655205 3 3 8 6 
93 0.11094485923687336 -0.03154931186304225 0.015153907778804182 3 2 3 0 
94 -0.12711659902153122 -0.03499392028703987 0.0006523365268784378 3 2 2 3 
95 -0.4055292461631354 -0.025 0.0169226689289117 3 5 3 7 
96 -0.12640728977873167 -0.028404243110827527 -0.009653961534054652 3 1 9 3 
97 -0.10556528318592787 -0.02459060744443266 0.004505776904576287 3 0 2 6 
98 -0.29091922353532085 -0.04 0.027383620177307492 3 8 2 4 
99 -0.02356295304791494 -0.035 -0.032694723957403936 3 7 2 8 
100 0.188127560880866 -0.028148873690465377 -0.010375013732917462 3 1 7 5 
101 -0.26085385045030024 -0.04 -0.014005967830330021 3 8 1 7 
102 0.3983337447459334 -0.025 -0.01652120802010959 3 5 7 2 
103 0.21299274449940536 -0.03 -0.019678395022350866 3 6 2 8 
104 0.17604999479944997 -0.025997121766274497 0.014971628497578236 3 1 0 0 
105 0.4671178938684482 -0.045 -0.03364178417220565 3 9 8 9 
106 -0.4169744293722303 -0.04 0.019873148450859295 3 8 2 7 
107 0.2351518282870491 -0.03 0.018161599476579214 3 6 6 6 
108 0.28606868077955844 -0.032747526493273144 0.01235311736252731 3 2 0 4 
109 -0.03548803235101257 -0.035 -0.020614857914026945 3 7 6 4 
110 -0.3362029393731007 -0.035 0.005086382116963328 3 7 2 8 
111 -0.3047285358584169 -0.0247906558808429 0.0032285261339548457 3 0 1 5 
112 0.1695661924606477 -0.045 0.033874981356234554 3 9 0 7 
113 -0.14018108596179038 -0.03 0.016935717734055396 3 6 9 5 
114 -0.11153336788888302 -0.02972011754874371 0.004088350876436129 3 1 5 7 
115 -0.49622444125562953 -0.045 0.02252445919529747 3 9 5 8 
116 -0.4988983371849328 -0.04078007842226194 0.019025908752912865 3 4 5 9 
117 0.48682411591667213 -0.024856104440068846 -0.0026784458300271674 3 0 2 7 
118 -0.1381080158206266 -0.03 0.026690922299073702 3 6 6 5 
119 0.3172357233738049 -0.045 -0.03816311360329962 3 9 1 3 
120 0.5021470603752494 -0.03 -0.02647679572512815 3 6 4 5 
121 0.21995794029958088 -0.0347991037416193 -0.0197236502397507 3 3 8 5 
122 0.033362427979339145 -0.027218997059972834 -0.012614523338168203 3 1 4 8 
123 0.16524148115595239 -0.03468388672624377 -0.004693399787051106 3 2 4 1 
124 -0.4731381057478015 -0.043678575093852104 -0.0108250671023658 3 4 8 8 
125 -0.34737716811793024 -0.025 0.007096901877581704 3 5 1 5 
126 -0.23036058579979077 -0.04467634604106511 0.005387402381389888 3 4 0 1 
127 0.008421607170049585 -0.035 -0.026287040817357478 3 7 6 9 
128 0.4382536053336165 -0.045 -0.03379679283741226 3 9 0 4 
129 -0.5078637092303339 -0.04 -0.022087310052597234 3 8 0 6 
130 0.09139526195047439 -0.03 -0.020929198220960225 3 6 2 4 
131 0.3822971891456927 -0.02449608482362507 -0.004994179443488756 3 0 1 8 
132 -0.06459671227712371 -0.04 0.006070695190547946 3 8 9 3 
133 -0.44073553038736996 -0.045 0.010459133165195943 3 9 5 6 
134 -0.48155762089054077 -0.044263132103804684 0.008110187196429893 3 4 1 1 
135 -0.13976358136423445 -0.035 -0.024131377476371795 3 7 0 8 
136 0.42006445204103154 -0.04233758192895092 -0.015248906728331969 3 4 7 4 
137 0.08472557154503214 -0.025 0.011521031351723929 3 5 5 2 
138 -0.19890796522258078 -0.0443347851522127 0.007708879653175275 3 4 7 2 
139 -0.20476186227337836 -0.022525813430096284 -0.01084378759071266 3 0 1 4 
140 0.23564994809235237 -0.025 -0.023155122615924964 3 5 7 2 
141 -0.2069303886479877 -0.03111768993335093 -0.01602152842933003 3 2 8 3 
142 -0.3836641038038195 -0.03918805284833732 -0.00801851070685333 3 3 2 4 
143 0.3313156297965329 -0.026558589391110457 -0.013951391670883414 3 1 6 2 
144 -0.39549633146471525 -0.035 0.01558858244353118 3 7 1 4 
145 -0.4781209541512185 -0.035 -0.016576645923053815 3 7 2 5 
146 0.40386692650645606 -0.026269723911906573 -0.014487981418824502 3 1 6 2 
147 0.299594645422244 -0.025 0.02067185759128501 3 5 4 8 
148 0.0014733026824931175 -0.044986822435243455 -0.0010889477397359225 3 4 7 2 
149 0.3751318914836305 -0.028204989431352686 0.010221475978413446 3 1 4 9 
150 -0.04748064959896368 -0.04 -0.009065171862828098 3 8 9 0 
151 0.3001616817557887 -0.028376505227694252 0.009735191372676793 3 1 5 8 
152 -0.04871958365724497 -0.025 -0.0011860374198311811 3 5 9 3 
153 0.06362868970747618 -0.045 -0.031014617857999093 3 9 6 8 
154 0.5034295449369576 -0.025 -0.009145949789956549 3 5 9 2 
155 -0.3194012756139205 -0.045 -0.042555458646055186 3 9 2 1 
156 0.29065522476618544 -0.03 0.012682505063165497 3 6 0 4 
157 0.1647066300563334 -0.03998125687110769 -0.0012243769870853066 3 3 1 9 
158 -0.4947221026516991 -0.045 0.028871470739617877 3 9 7 2 
159 0.07190215629634233 -0.042742624733984186 -0.014073664442845114 3 4 0 3 
160 -0.03164785708123716 -0.024424931089663836 0.0053312982720134 3 0 1 7 
161 -0.16647795441647756 -0.043201819617007184 0.012593759636406153 3 4 5 0 
162 0.14007134826060724 -0.02992893215672515 -0.002063739314483108 3 1 2 8 
163 -0.23701536508137527 -0.025 0.023721403748859442 3 5 5 5 
164 0.0930088890917079 -0.025 -0.016092917179084558 3 5 1 7 
165 -0.24265648598535983 -0.045 -0.010138158371158286 3 9 4 1 
166 -0.18274652763033344 -0.035 0.032083527778221654 3 7 6 2 
167 0.4056665959080987 -0.03777339740833548 -0.013159424312330487 3 3 5 4 
168 0.34454890160821583 -0.035 0.0302792004623232 3 7 3 2 
169 -0.3413824484631741 -0.04499870057836126 0.0003419740618673089 3 4 0 4 
170 -0.49887572182739026 -0.039932005259106756 -0.002331299205737118 3 3 6 8 
171 0.14517214899791894 -0.03393290442069695 -0.008576595920051604 3 2 9 6 
172 -0.24398079967178266 -0.04161487945389302 -0.0171231366296585 3 4 1 2 
173 0.26065581422336837 -0.035 -0.019738275235456973 3 7 6 3 
174 -0.5082403316846624 -0.025 -0.00873343289148015 3 5 2 7 
175 0.4729622962123887 -0.03 -0.027127019529151673 3 6 9 2 
176 -0.24488877977823093 -0.02694205494398527 -0.013195668811973078 3 1 9 5 
177 -0.005064784482573009 -0.024329073070826684 -0.005752929993870605 3 0 0 5 
178 0.08780589291622941 -0.035 0.027094792941098213 3 7 6 2 
179 0.004859814144576535 -0.03461941921106704 0.005147408424479552 3 2 0 7 
180 -0.19546583897990846 -0.029999175060812636 0.0002224762250602798 3 1 7 7 
181 0.45051630296910644 -0.045 -0.00379049026345437 3 9 8 6 
182 -0.35376719212920194 -0.039825604545907806 0.003731115456933448 3 3 9 0 
183 0.11407591239647374 -0.03 -0.012552776715812529 3 6 3 4 
184 -0.29166876274594344 -0.03499721609206393 0.00044143607168151014 3 2 4 9 
185 0.4102194263943043 -0.029802753797181267 -0.003434511043015792 3 1 9 5 
186 0.4558918075013174 -0.03093795265132819 -0.016365912310170042 3 2 8 9 
187 -0.2405663166406541 -0.045 -0.027628325430805605 3 9 6 5 
188 0.4426213940682494 -0.029209053723142593 -0.006843331103970473 3 1 6 9 
189 -0.11917112520907144 -0.025 0.01161319114269481 3 5 2 1 
190 0.2268695966724741 -0.03 -0.0035931560785390226 3 6 3 6 
191 -0.2626595484207273 -0.039989939047092755 -0.0008970925313512041 3 3 4 6 
192 -0.34324223740446824 -0.03 0.024011752142195357 3 6 2 5 
193 -0.4992157715676248 -0.043308431396332815 0.012222101700981454 3 4 3 2 
194 -0.469601721786383 -0.029999852567898413 -9.405266800534577e-05 3 1 8 8 
195 0.045958247734062124 -0.035 0.0342104568545184 3 7 0 2 
196 0.2149627336852388 -0.03331095562373368 -0.010741519233034296 3 2 1 3 
197 -0.18054240032047297 -0.038375721727859594 -0.011282906623112893 3 3 3 9 
198 0.2601586759400365 -0.025 0.016016740270178582 3 5 7 6 
199 -0.018238120029071353 -0.04 -0.03742112905886367 3 8 5 3 
