0 -0.44619267625763076 -0.025 -0.004814115020974702 3 5 1 4 
1 0.12101577868629701 -0.03 -0.008962499940114152 3 6 5 9 
2 0.2192092049411878 -0.035 0.032218650680603034 3 7 0 6 
3 -0.041521017812159354 -0.04 0.039135317267727794 3 8 7 7 
4 -0.10946301403417728 -0.045 -0.04350103680761292 3 9 5 8 
5 -0.19472713309543244 -0.04 -0.012420480989516963 3 8 9 6 
6 0.251558223911875 -0.04 0.0021674385323295284 3 8 9 9 
7 0.4353725117654238 -0.023650515338954698 -0.00810266155049491 3 0 0 1 
8 -0.37953727104248197 -0.03 -0.02081108286475463 3 6 5 5 
9 0.25731843983078584 -0.03598338525481198 0.017469859346994753 3 3 1 4 
10 0.2566426429842502 -0.035 0.02067628291217196 3 7 5 2 
11 0.12722755288816878 -0.03 -0.009044539918566984 3 6 0 8 
12 0.35930792528810135 -0.045 -0.027319947182253914 3 9 4 6 
13 0.3312460075449796 -0.039613846446687515 0.005544652351434045 3 3 9 4 
14 -0.3339990404253904 -0.025 -0.001289417503096562 3 5 1 3 
15 -0.25820032212596483 -0.03 -0.0124349837184764 3 6 0 5 
16 0.2854050500416842 -0.029876057627021932 -0.002724184403975763 3 1 7 6 
17 -0.4254845789033999 -0.03810135801599675 -0.012177295156841706 3 3 3 0 
18 0.400170099201604 -0.03 -0.019975737971163362 3 6 0 6 
19 -0.47617058822678876 -0.04471627120005934 -0.005045303753268352 3 4 8 2 
20 -0.01908840614651514 -0.04 0.027406138141654733 3 8 5 9 
21 -0.49292772134681045 -0.024757682039745633 -0.003472345031654625 3 0 6 8 
22 -0.1465599223396691 -0.025 -0.01231186181125814 3 5 0 1 
23 0.26175644540384246 -0.03441811572229015 0.00635557315488099 3 2 5 0 
24 -0.22025925679366426 -0.0398345620089 0.0036342357599776997 3 3 5 4 
25 -0.2432461559877778 -0.025 -0.02095899844348505 3 5 9 0 
26 -0.05358042435811542 -0.035 -0.011701368540086722 3 7 1 9 
27 -0.17130421487573796 -0.04 0.0017489930416521929 3 8 4 9 
28 -0.5119824405580414 -0.02492479726877063 0.0019376483454652677 3 0 7 5 
29 0.4767718180539332 -0.04 0.003762427254471519 3 8 0 0 
30 -0.0845801089541005 -0.03973947101784851 0.004557898992033314 3 3 3 5 
31 0.4094942131308095 -0.03 -0.016824950835519166 3 6 5 7 
32 0.34260419145464305 -0.027871935763502304 0.011097531112603438 3 1 1 1 
33 0.16358223246499295 -0.02395056795197194 -0.007167307358972032 3 0 5 4 
34 0.4439160290069507 -0.045 -0.035898024634157595 3 9 0 6 
35 0.5091832085461888 -0.04 0.018522906498241266 3 8 1 8 
36 0.11857382771573076 -0.02178706675343234 0.012260657497927395 3 0 7 2 
37 -0.251862803546537 -0.04489161316229102 -0.0031213887433672897 3 4 4 4 
38 -0.046692849392110894 -0.035 0.032108122087822766 3 7 3 5 
39 -0.008853130134474245 -0.03 0.0001912692674710531 3 6 6 4 
40 0.10345109308431528 -0.02407902643844946 0.00672313065293631 3 0 8 9 
41 0.10952598035939184 -0.04 -0.016987044697482256 3 8 3 6 
42 0.3549684823055589 -0.031415147518661014 -0.015430116862187626 3 2 8 8 
43 -0.4131080917677533 -0.03 0.006470655957073246 3 6 1 5 
44 0.2134124180007141 -0.03981466954419315 0.003846048502905046 3 3 0 7 
45 0.44999467660486725 -0.044887363051461154 -0.003181923677010481 3 4 1 9 
46 0.5074843475081766 -0.04 0.0313534068469167 3 8 8 8 
47 -0.24734107305104844 -0.025 -0.011264194844102238 3 5 9 8 
48 0.41485986043188716 -0.03 1.977484917286762e-05 3 6 1 7 
49 -0.3550222376307294 -0.02771011864041106 0.011495621989885692 3 1 9 7 
50 -0.04958668002114276 -0.025 0.02350791281751649 3 5 7 7 
51 -0.28374611459253807 -0.03 -0.00400152216046442 3 6 1 7 
52 -0.26664346428202973 -0.04 -0.00810994793826219 3 8 6 7 
53 0.49203966490097806 -0.03152402869677247 0.015206433333463379 3 2 6 8 
54 -0.10184703617254291 -0.04 0.009026263628774567 3 8 1 7 
55 -0.3411827965016974 -0.024813555909605177 0.003047530659550133 3 0 3 7 
56 -0.5005876529446137 -0.045 -0.017362025101161933 3 9 9 1 
57 -0.11557832578217984 -0.04 -0.03594914502616446 3 8 6 8 
58 -0.15578801699421393 -0.045 0.021946759566019255 3 9 5 6 
59 -0.3484897959205543 -0.03136586900457282 0.015530043837284506 3 2 4 8 
60 0.2530957042339358 -0.03891439041635996 0.009255820791432407 3 3 1 3 
61 -0.19237407844754645 -0.043226434685410334 -0.012509010527933621 3 4 6 8 
62 -0.46871652118028045 -0.045 0.04211577230346536 3 9 4 4 
63 0.049711150106007226 -0.025 -0.011779885949195906 3 5 4 7 
64 -0.4109584802945474 -0.04480719593546465 -0.004161152773076233 3 4 5 8 
65 0.2156622194088471 -0.04 0.01756910334355987 3 8 1 0 
66 0.3766064024865278 -0.035 0.03156095102414956 3 7 6 7 
67 -0.03133679249111764 -0.04 0.032196725008648695 3 8 7 6 
68 -0.44433287778821456 -0.04 -0.019628728758673386 3 8 5 9 
69 0.44899772090169127 -0.03712062001224699 0.014901663326835988 3 3 9 0 
70 0.5071288648844015 -0.02946866474780059 -0.005621191864874794 3 1 0 5 
71 0.48711130896245813 -0.025 0.015483671584100252 3 5 4 8 
72 0.276414986982493 -0.04 -0.03994567926243997 3 8 6 1 
73 -0.3817689570127751 -0.03 -0.0068302369575614676 3 6 0 4 
74 0.40010913569904977 -0.035 0.024439469006819217 3 7 8 4 
75 0.21457950110646482 -0.03 0.023059273794227723 3 6 7 0 
76 0.16207345786644137 -0.039394222073697 -0.006935075140778495 3 3 7 5 
77 0.5050523398547652 -0.024627095572363537 0.004301879085896336 3 0 9 5 
78 -0.5107911506486026 -0.023944212121288482 -0.007188512077665438 3 0 1 2 
79 -0.1655940318377386 -0.025 0.007965658839154066 3 5 2 2 
80 -0.35105970884263216 -0.036797898463306576 -0.015681666642426102 3 3 5 7 
81 0.4222507362526016 -0.0431360355066696 0.012817271190364191 3 4 2 3 
82 0.47320498223195506 -0.045 0.006951247816337651 3 9 2 3 
83 -0.07938468563576043 -0.035 0.02693088783002931 3 7 1 3 
84 -0.4388466234209742 -0.043961138451742515 -0.009613444025255744 3 4 6 0 
85 -0.04579957838841898 -0.04 0.005864669625863322 3 8 3 9 
86 0.3392536455121123 -0.04349442273659908 0.011542754905567944 3 4 0 0 
87 0.3316974288783094 -0.0358961910424049 -0.017648327644487177 3 3 4 8 
88 -0.006564832778956114 -0.045 -0.028599202261407688 3 9 7 2 
89 0.0979089309246658 -0.04497666183518376 0.0014490997769391705 3 4 2 2 
90 -0.17133401754438074 -0.03 -0.015302166439878945 3 6 4 5 
91 -0.11209188579972745 -0.03 0.019057958550272917 3 6 4 7 
92 -0.16933063353187855 -0.04 -0.002870751726025071 3 8 8 3 
93 -0.16143972497063344 -0.02463928071645026 -0.004231529956878766 3 0 0 2 
94 -0.3284983022245095 -0.035 -0.026285439155334017 3 7 9 2 
95 -0.4786437595509987 -0.041007403018795636 -0.018530863381236995 3 4 6 7 
96 -0.10729320486039184 -0.025 -0.013992504940447343 3 5 1 8 
97 0.450913565482093 -0.035 0.0092451661518319 3 7 0 5 
98 -0.06582225549434098 -0.03727189403626169 -0.014519156826402854 3 3 7 5 
99 -0.16244006138556036 -0.041081004499155784 0.01836711924446351 3 4 2 5 
100 -0.4266192951479288 -0.025 0.008427299724688544 3 5 8 1 
101 0.3065998014940924 -0.04 0.010224721012827537 3 8 9 1 
102 0.45004136759448554 -0.03 -0.02563231127544656 3 6 2 3 
103 0.36525557512059964 -0.03432989559517592 -0.0068160302540644 3 2 8 2 
104 0.2613448383398594 -0.04 -0.0036965699400249644 3 8 0 7 
105 0.384802334687163 -0.03247560033788621 -0.013051259812519447 3 2 7 8 
106 -0.3043929116922147 -0.03582360362325145 -0.017795207878644335 3 3 1 8 
107 -0.07735268143859488 -0.03 -0.01576947242069998 3 6 8 2 
108 -0.42297571350169466 -0.03 0.026296608187704837 3 6 3 2 
109 0.10330963775482362 -0.029600234360071198 -0.0048812012690382205 3 1 3 1 
110 0.3250401163067718 -0.022868882044212405 0.01010020960415671 3 0 8 2 
111 0.11488309557112047 -0.025 0.019598209952431125 3 5 7 5 
112 -0.3677433951988038 -0.03 0.007812701411647888 3 6 2 3 
113 -0.41724573864261144 -0.03 -0.01229337771038596 3 6 9 8 
114 0.42412875942527395 -0.029985760056799877 0.0009242260632685362 3 1 8 3 
115 0.45682111159443356 -0.045 -0.0360346131974892 3 9 8 8 
116 0.3934973236693416 -0.03 0.0075384636985331085 3 6 5 6 
117 -0.20549238221657937 -0.04 -0.023922243580186332 3 8 7 0 
118 0.402922197562449 -0.025 0.014025869791933814 3 5 1 6 
119 -0.4219485897922996 -0.02885886322224944 -0.008195487387550465 3 1 7 1 
120 -0.4643606612342284 -0.035 -0.012869863633494006 3 7 6 7 
121 -0.02045225893496237 -0.025 0.007476094594605409 3 5 6 7 
122 -0.013603244195735047 -0.03 -0.006619809318076514 3 6 5 8 
123 -0.44796613497844706 -0.025 -0.009969574905660444 3 5 2 9 
124 -0.08099795383800854 -0.023133321438584015 -0.009478894409114876 3 0 0 8 
125 0.040593716322474806 -0.023360079148752273 -0.008905431048749373 3 0 9 5 
126 -0.3898933623796277 -0.035 0.01577732522428118 3 7 8 7 
127 0.2942927422191749 -0.033964214218150386 0.008451754406251484 3 2 2 8 
128 -0.2719672925255103 -0.039183779453850646 -0.008039367370135043 3 3 2 0 
129 -0.16744074994987962 -0.04 0.02773155263756593 3 8 7 3 
130 0.3619716746914924 -0.045 -0.02034724819825706 3 9 4 7 
131 0.4128387648676053 -0.035 0.01625620017060954 3 7 5 5 
132 0.21816603530861228 -0.04441036912035804 -0.007260792972778447 3 4 9 1 
133 -0.5170377624478065 -0.035 -0.02266016217755517 3 7 2 9 
134 -0.49167880926393737 -0.04 0.018960369568411232 3 8 7 3 
135 0.1596456132747305 -0.03 -0.016465953586271002 3 6 5 1 
136 0.3216687373980572 -0.035 -0.012387380943008803 3 7 0 7 
137 -0.48313140786248693 -0.035 0.018599467765777457 3 7 0 6 
138 -0.392375091329801 -0.045 -0.008651909898710938 3 9 8 0 
139 0.04910625365670424 -0.045 0.009209607024620849 3 9 9 5 
140 0.2282234384848414 -0.03 0.016889561053697696 3 6 6 2 
141 0.35897204929622445 -0.02673941714004307 -0.013601601781068687 3 1 6 3 
142 0.46481574890914773 -0.03555469489321364 -0.01832658372557439 3 3 4 8 
143 -0.24800452427829647 -0.045 -0.03583297915796464 3 9 6 6 
144 -0.46727302902999207 -0.040060828820228836 -0.020497072821169433 3 4 2 3 
145 0.4103264427205049 -0.04 -0.031611802776031775 3 8 7 1 
146 0.4573137004928173 -0.024534264727145375 0.0048031088160013875 3 0 4 5 
147 0.47670828891142236 -0.035 0.02492350992902847 3 7 4 1 
148 -0.4937450265666761 -0.035 0.027815733951254654 3 7 5 6 
149 0.3129797651537559 -0.023658253380553038 -0.008080040035887871 3 0 1 3 
150 0.19129099137040897 -0.025 -0.013665489773786866 3 5 9 5 
151 0.3075359043946766 -0.03987662165408548 -0.0031392746705124525 3 3 4 3 
152 0.1658662817943837 -0.04 -0.006938081027869858 3 8 6 3 
153 0.4161453415028936 -0.034891157200052855 -0.002758106096799026 3 2 4 0 
154 0.3542310128522433 -0.025 -0.017884722705097795 3 5 5 8 
155 0.47339492088598706 -0.025 -0.01861563680282027 3 5 3 5 
156 -0.442880843181424 -0.035 0.0004034744001697038 3 7 1 8 
157 -0.26705542199952986 -0.03413347339690787 0.007739896243657471 3 2 0 1 
158 -0.22815945776555135 -0.045 0.044288439444287106 3 9 0 5 
159 0.290550035547284 -0.03195837137029633 0.014271037080682822 3 2 2 2 
160 0.4339256952429203 -0.02415074377327414 0.00646077202799019 3 0 6 5 
161 0.16632286186469727 -0.039315033969327166 -0.007370760068720936 3 3 7 7 
162 0.2699082767498774 -0.02498054176579635 -0.0009861709219523601 3 0 9 5 
163 0.33682723745300985 -0.023554482228370883 -0.008377730417801729 3 0 5 9 
164 -0.3243085504695676 -0.027551047678516787 0.011871805752121063 3 1 7 7 
165 0.20669031497187232 -0.035 0.023659879443274724 3 7 6 3 
166 -0.48365119276299856 -0.045 -0.016689968334745148 3 9 8 7 
167 0.3516196376891656 -0.04 -0.004272779841626918 3 8 1 5 
168 0.34284359550169474 -0.03822961883368147 0.011768442710547014 3 3 4 0 
169 0.04108101185512241 -0.03873146891398383 0.009993663780871569 3 3 4 9 
170 -0.44950475002343937 -0.024655274987676955 -0.004137319818678654 3 0 6 6 
171 0.07937288096989842 -0.04417411501835966 0.008581815795315775 3 4 6 0 
172 -0.14177048157003777 -0.04 -0.025662529326038318 3 8 1 9 
173 0.016075427889736555 -0.030570241485218683 0.017042896923217456 3 2 8 1 
174 -0.44498819711298687 -0.03 0.02946886189460394 3 6 5 3 
175 0.2959001708914305 -0.04 -0.02862548256954428 3 8 5 7 
176 -0.33379727366098316 -0.04 -0.022355934379520485 3 8 9 0 
177 0.4821308739921139 -0.025 0.004516727608018956 3 5 9 6 
178 0.059669788542532555 -0.04349890042620842 -0.011525869238838533 3 4 1 4 
179 -0.1660148717364411 -0.029747742798737375 -0.0038822414118867632 3 1 4 8 
180 -0.17869892581711777 -0.02323123491690052 -0.00923632633874432 3 0 6 7 
181 -0.11713611021113012 -0.03998664278836434 0.001033633646777198 3 3 3 3 
182 -0.14434963423458624 -0.025 -0.015262913856830497 3 5 1 5 
183 -0.4227973348771344 -0.043449096314622994 0.011712217101924589 3 4 6 6 
184 -0.4850842912604929 -0.04 -0.002383420346867532 3 8 7 8 
185 0.20169198632579705 -0.045 -0.025504443070197554 3 9 8 9 
186 0.09420916981514157 -0.041645227236536596 0.01704919494924115 3 4 6 9 
187 0.45766086284727675 -0.03499724731828749 0.0004389534629313106 3 2 1 2 
188 -0.2946876073848315 -0.024513546828981752 -0.0049077512022634925 3 0 4 2 
189 -0.023259532794893862 -0.030456754966042977 -0.017244885529872807 3 2 7 2 
190 -0.4842382167011146 -0.03171280073313983 -0.01480872275586811 3 2 6 6 
191 0.4406184635381468 -0.04489420549516472 0.0030838795303840248 3 4 9 5 
192 0.2657327749529878 -0.03 0.003396331774899966 3 6 6 0 
193 -0.26414567732222455 -0.029065749999662834 0.007428470701099925 3 1 1 4 
194 0.2048430104711482 -0.030631145261759272 0.01693319048357405 3 2 4 3 
195 -0.10193906478005317 -0.026070391017840287 -0.014843675831037016 3 1 1 6 
196 0.43585707721957057 -0.043898398452643116 0.009895989758128328 3 4 7 4 
197 -0.0227492976357932 -0.03 0.011672578988761978 3 6 0 2 
198 0.13599622648006968 -0.045 0.02965071001519423 3 9 3 9 
199 -0.2868034284162947 -0.02434520885708856 0.00568425946845645 3 0 8 6 
