0 -0.2795415477107175 -0.035743968955927005 -0.01795462846392893 1 3 
1 0.23391005800870857 -0.03232080170642168 0.01343003265275887 1 2 
2 -0.05481858113415998 -0.025 -0.0239139399266667 1 5 
3 0.5210569736430054 -0.0438796067805116 0.009978983354414432 1 4 
4 0.296396904340715 -0.02719898805818355 -0.01265760832901653 1 1 
5 -0.33314281903096366 -0.02996472710233142 0.0014543485424081727 1 1 
6 0.3668950475049882 -0.02999992306614758 -6.794133665390608e-05 1 1 
7 -0.20836151310961915 -0.02827595562029008 0.010023489101075814 1 1 
8 0.12904175443340338 -0.03 -0.0029134747455818247 1 6 
9 -0.4274341600112124 -0.03 0.008120310042367428 1 6 
10 -0.003213629208630769 -0.025 -0.012133117763499552 1 5 
11 -0.4995889628666195 -0.03 -0.02690636627629021 1 6 
12 0.08176438633927284 -0.03758931467674261 0.013676381909438711 1 3 
13 -0.4723386873695013 -0.035 0.003436505778273001 1 7 
14 0.03523271861286904 -0.045 0.021338698118103128 1 9 
15 -0.21302993760659383 -0.03536766501561794 -0.018684974480663197 1 3 
16 -0.4918887336563274 -0.02620147437139595 0.014611048585405533 1 1 
17 -0.36536853921621204 -0.035 -0.034293854124964884 1 7 
18 0.3841073462250108 -0.028980646862558353 0.007753844686843211 1 1 
19 0.27656297009835973 -0.026094708544420937 0.014800884635106272 1 1 
20 0.48337234059340417 -0.04499539533756247 -0.0006437378476221664 1 4 
21 0.33158962197685615 -0.04 0.015441516623405899 1 8 
22 0.1127067439009063 -0.035 -0.023369057230738607 1 7 
23 0.4145056717310623 -0.03 -0.022596779580281178 1 6 
24 0.121799469489884 -0.030345435726814387 0.01744002667858559 1 2 
25 -0.19916386399467684 -0.02816616118791109 0.010327989346267295 1 1 
26 -0.27369211781520675 -0.025 0.014146584217487698 1 5 
27 -0.3221740925945077 -0.035 0.03167708432773479 1 7 
28 -0.4554104494141868 -0.045 -0.01886344076834901 1 9 
29 -0.39499879871451055 -0.0296493775259626 0.004573227779473005 1 1 
30 -0.3727227636480761 -0.03 -0.01431264413282941 1 6 
31 -0.06483581223776297 -0.029948359060798322 0.0017594855968432847 1 1 
32 -0.4148001940951905 -0.035 -0.004954798252803042 1 7 
33 -0.25632935486345226 -0.024995631199200702 -0.0004673552755074432 1 0 
34 -0.3225027356010661 -0.035 0.027906669943854767 1 7 
35 -0.5029808589035498 -0.04460403778001809 -0.00595649340793044 1 4 
36 -0.35061791268311326 -0.022857814714834314 -0.010125231180684419 1 0 
37 -0.10785605009168873 -0.04176078030347315 -0.016764165008882767 1 4 
38 0.2514680480189661 -0.03879383675417624 -0.009748755299540793 1 3 
39 -0.13452281287994125 -0.040584118964133 -0.019440403491314175 1 4 
40 0.5138322029908519 -0.04 0.02235857447457737 1 8 
41 0.21240079799374895 -0.034696637486543364 0.004598189548876195 1 2 
42 -0.010545850227857553 -0.04 0.020318954097729512 1 8 
43 0.429319857922769 -0.024069802814114336 -0.006756078188539089 1 0 
44 -0.11192484621097466 -0.045 0.007658511802281144 1 9 
45 -0.41197292362205407 -0.045 0.02288488134354047 1 9 
46 0.2600576028771902 -0.038113765926750184 0.012138403802843955 1 3 
47 0.38674784871107043 -0.03 -0.024269234821857076 1 6 
48 -0.17284236191650415 -0.03 -0.017455232236080177 1 6 
49 -0.39925816018252247 -0.035 -0.02294020941544186 1 7 
50 0.3529823177723549 -0.025 -0.003858710323939203 1 5 
51 0.3660944373883881 -0.045 -0.019394277589186812 1 9 
52 -0.05195772415037495 -0.03564345321536238 -0.0181533534886608 1 3 
53 0.27383709463974587 -0.035 0.029532170216803696 1 7 
54 0.01740276420145024 -0.025 0.022370826620565824 1 5 
55 -0.43933304143744323 -0.03865564897577692 0.010283034681528453 1 3 
56 -0.21705832922867427 -0.03 0.008243276228421637 1 6 
57 -0.12862971708417653 -0.02816952326562772 -0.010318815774460683 1 1 
58 0.04072444975812788 -0.04495180525430827 -0.002082115361535652 1 4 
59 0.4565713340026094 -0.041711243384398265 0.016887041639301176 1 4 
60 -0.38998830124500095 -0.041843268235384694 -0.016557200952505412 1 4 
61 -0.12372878155541839 -0.02493701082448039 -0.0017735532525830573 1 0 
62 0.06698608350108673 -0.03 -0.023398806505942716 1 6 
63 0.3162913741921487 -0.035 -0.028727898131655688 1 7 
64 -0.209896408596605 -0.025 0.003055555487136496 1 5 
65 -0.14729366289717746 -0.0349951338211505 0.0005836170317669909 1 2 
66 -0.26960472260056834 -0.03 0.022728772213284718 1 6 
67 0.49906373642911694 -0.04 0.022236403913143285 1 8 
68 0.3981580495318318 -0.03 -0.022246273008488464 1 6 
69 0.25915388357712366 -0.029568570669919733 0.005069480105293087 1 1 
70 -0.28950958429765605 -0.035 -0.02964244685736317 1 7 
71 0.299479936864141 -0.03985423714791304 0.0034117123791299175 1 3 
72 0.38019964124260575 -0.03 0.013662582006036345 1 6 
73 0.099239452375559 -0.03499669221634264 0.00048117971131666083 1 2 
74 0.42104667585503214 -0.025 0.006558735931683976 1 5 
75 0.44615470309388167 -0.030956912156537904 -0.016330021118553275 1 2 
76 0.11394796440217608 -0.03990801726659987 0.0027111174538862266 1 3 
77 -0.21760979414773005 -0.02643816958854597 -0.01417826466134988 1 1 
78 -0.4116229881965665 -0.02259942980285544 -0.010689516948197864 1 0 
79 -0.24455968353957272 -0.026155859081336767 0.014692550347616743 1 1 
80 -0.3862556518605992 -0.04 -0.03014477778325425 1 8 
81 0.179151212094948 -0.02434404463925729 -0.005689243412075841 1 0 
82 -0.2579070709391768 -0.04 0.028979691556525446 1 8 
83 0.14922926148621538 -0.04 0.0351900513756472 1 8 
84 -0.5159736692430617 -0.026477817426055643 -0.014104083960061499 1 1 
85 -0.16140580734590612 -0.023502279468740325 -0.008523078069173537 1 0 
86 -0.247239767477113 -0.03 0.0276474900566141 1 6 
87 0.130679989177826 -0.029234248545437522 0.0067348876741623615 1 1 
88 0.4297444511171454 -0.04337851267513833 -0.011970991525051869 1 4 
89 0.021253897539139307 -0.044978749075856986 0.0013827984564259157 1 4 
90 0.019202684756469923 -0.03880008095421606 -0.009723873608098777 1 3 
91 0.09354205731812258 -0.02906887595087559 -0.00741622889025188 1 1 
92 0.21174240643384232 -0.0449998814106096 -0.00010331036285024289 1 4 
93 0.4948292344928492 -0.03 -0.003232009703554129 1 6 
94 0.39779236352895725 -0.045 -0.04130247801425884 1 9 
95 0.3894444818106962 -0.02495281455722245 -0.0015352672968794699 1 0 
96 0.31273440008070885 -0.025 -0.005896010707981285 1 5 
97 0.4797246425573562 -0.045 -0.01046484423867241 1 9 
98 0.10424809666546962 -0.02999198144103944 -0.0006935771336671328 1 1 
99 -0.09328530204080877 -0.03 0.016043494690505693 1 6 
100 0.3691505130116834 -0.045 0.04015745725845893 1 9 
101 -0.15421870062702853 -0.045 0.02150788176070119 1 9 
102 -0.2717381730767794 -0.035 -0.018518557865249974 1 7 
103 -0.08949811189430311 -0.037444759121612256 0.014067338565785506 1 3 
104 -0.0006251266470763989 -0.029997830840470956 0.0003607559652861486 1 1 
105 0.5117313591356402 -0.024744806808257053 -0.003562939239172551 1 0 
106 0.36010368891947214 -0.045 -0.017934287752418617 1 9 
107 0.28141488804628545 -0.0249769868572776 0.001072439989641434 1 0 
108 -0.165755051205419 -0.04499525443922584 0.0006535120116168381 1 4 
109 -0.44731321759466214 -0.04 -0.009840550153232153 1 8 
110 0.31426800511929154 -0.03457153690321943 0.005459746894255919 1 2 
111 0.20504886128317876 -0.045 0.02886158576984539 1 9 
112 -0.4344038117834042 -0.035 0.029089295981577723 1 7 
113 -0.20298807919468914 -0.028893717693851483 -0.008071745649363195 1 1 
114 -0.4553466595242562 -0.025 -0.009682386920376746 1 5 
115 0.40424406568159105 -0.04 0.0014846668525887105 1 8 
116 0.36228962181804086 -0.025 -0.0015191876677658825 1 5 
117 0.2027373789997297 -0.02887680805160678 -0.008132032756368947 1 1 
118 -0.4697064387808875 -0.035 0.023576108729329324 1 7 
119 0.3390140800452797 -0.024806437899129563 -0.00310493780237682 1 0 
120 0.02065516478264484 -0.04193214626370001 -0.01633080248241553 1 4 
121 -0.06097341513139955 -0.0349427371704684 -0.002001279349707654 1 2 
122 0.45125045586752105 -0.045 -0.026972257729161363 1 9 
123 0.3946746293930265 -0.04 -0.001397188452348097 1 8 
124 -0.33679700298402104 -0.039578500373474386 -0.0057915721688405145 1 3 
125 -0.5057292194181032 -0.037995242635415365 -0.01250446068712739 1 3 
126 -0.1057672518754152 -0.04 0.01261732540233159 1 8 
127 -0.3904419074358657 -0.02910566786641226 -0.007270495034734347 1 1 
128 -0.1678719018422764 -0.02482112514317877 0.002985254867956632 1 0 
129 0.28786922849208946 -0.044573546582009814 -0.006180529516263266 1 4 
130 -0.2921605755358802 -0.03 -0.001493700991465622 1 6 
131 -0.11796067525624386 -0.035 0.030101163300599892 1 7 
132 -0.4660871462688004 -0.035 -0.0017872453896508739 1 7 
133 0.40522025487394514 -0.035 -0.01753310257578454 1 7 
134 -0.38159866276721066 -0.04 0.00020342371821856914 1 8 
135 0.0889583368652253 -0.025 -0.013448284279281436 1 5 
136 0.12181895484103168 -0.03 -0.0037141676868348815 1 6 
137 0.34487353812679 -0.04 -0.0031612538943471755 1 8 
138 -0.13536950382944363 -0.03222141006139123 0.013666774808113147 1 2 
139 -0.3711069551151924 -0.04 -0.034286772008070746 1 8 
140 -0.5178012908960891 -0.03 -0.01897955475687789 1 6 
141 0.4309126943417505 -0.04 0.038014484357910584 1 8 
142 -0.12235770012644566 -0.035 0.014342332531834152 1 7 
143 -0.18860495871618385 -0.025 -0.0058550187484285796 1 5 
144 -0.47742501908161716 -0.03691772395862938 -0.015397456209206859 1 3 
145 0.1006546978790693 -0.03 -0.024060360633475622 1 6 
146 0.21914635561396142 -0.044965722364859406 0.0017560786447032987 1 4 
147 -0.21971893607673024 -0.024071543310145816 0.006749874270516022 1 0 
148 -0.3851782936351882 -0.04 -0.037590618051880756 1 8 
149 0.4075857011171391 -0.03 -0.007154943215922204 1 6 
150 0.2763042122686398 -0.04 0.0267478366253431 1 8 
151 0.33147885288522844 -0.025 0.006905168954961127 1 5 
152 -0.05347602010272638 -0.03169528752483747 0.014846169496468864 1 2 
153 -0.2636398715908418 -0.04492712924727117 -0.002559894060110948 1 4 
154 -0.21392213958038014 -0.024593973403965082 -0.004487368071047697 1 0 
155 0.2718794289684958 -0.03253608109272996 0.012899745234976556 1 2 
156 0.3963324661260082 -0.02957391868358888 -0.005038187540819866 1 1 
157 -0.18883855625836232 -0.037479324164481034 0.013974986947176297 1 3 
158 -0.011363704773509786 -0.03376517897341711 -0.00921480813110677 1 2 
159 -0.4571436385852023 -0.04 -0.02318143923326411 1 8 
160 0.46977132674677424 -0.021952461308334937 -0.011961999937554656 1 0 
161 -0.31991037204620965 -0.03450394708739383 0.0058717659515964415 1 2 
162 -0.37091182220264796 -0.04033573627829561 -0.01995064858313601 1 4 
163 -0.47408830695926996 -0.04 0.02952599690398556 1 8 
164 0.16259758332223137 -0.03 0.02336644550697861 1 6 
165 0.21819995819726276 -0.03926042213871938 -0.007656321145925996 1 3 
166 -0.33967954502583403 -0.03473022217743316 -0.004337241923864796 1 2 
167 0.26696740357209453 -0.03 -0.017522622851788267 1 6 
168 0.03748332572278091 -0.035097062367894505 -0.019188439570327846 1 3 
169 0.45044745672544945 -0.025 -0.004981289100489915 1 5 
170 0.04912327561524447 -0.035 0.032370060690510905 1 7 
171 0.34715703843389323 -0.035 0.017455776568195254 1 7 
172 -0.3266172616145175 -0.03211309237672657 0.013919385690605246 1 2 
173 0.3718578080500963 -0.04 0.001179835379976145 1 8 
174 -0.27382762870708005 -0.04 0.026157528455879354 1 8 
175 0.4944579177595587 -0.04 0.012820073034070602 1 8 
176 -0.39410057441344293 -0.025 -0.01831471848476725 1 5 
177 -0.49732899456674534 -0.035 -0.02722305059523549 1 7 
178 -0.1956688989753274 -0.03719496893251403 -0.014715104012860926 1 3 
179 -0.363123933968295 -0.04 0.03424156521827932 1 8 
180 -0.2658469857377806 -0.024106304863810067 -0.00662465590148252 1 0 
181 -0.3941488016700389 -0.039959647460303845 0.0017962669200963916 1 3 
182 0.22624337162835087 -0.025 0.02360520386844487 1 5 
183 0.44929431725950997 -0.024827616683938302 0.0029307763127588878 1 0 
184 -0.2284808446583945 -0.04 0.022047818333821335 1 8 
185 -0.3362355029488352 -0.03 0.0039356325641442605 1 6 
186 0.05460252822786853 -0.029471014813891697 -0.005608857801671935 1 1 
187 -0.31782078299051486 -0.034171230998714754 -0.007571457721765096 1 2 
188 0.17075317040571703 -0.03 -0.022852727864863656 1 6 
189 0.14611724171009327 -0.04464448571407463 -0.005645342799670039 1 4 
190 0.32510022035369684 -0.02998952354889592 0.0007927656086240388 1 1 
191 -0.20084584182545057 -0.025 -0.011626503144222472 1 5 
192 0.04999898444480467 -0.025 0.007850461308337248 1 5 
193 0.2877813086139875 -0.035 -0.03458381726924102 1 7 
194 0.13369872228174193 -0.035677999907864154 0.01808536210791605 1 3 
195 0.1860165437640868 -0.03 0.018686551423415243 1 6 
196 0.4302167823865483 -0.03849334115087017 -0.010874864920665687 1 3 
197 0.5172867163740916 -0.03463683433020974 -0.005028887310489695 1 2 
198 -0.25595361974623254 -0.03 0.0064408985008111985 1 6 
199 0.46784620274121475 -0.03 0.007080169254852477 1 6 
